100 10
987 904 934 972 905 991 934 975 953 949 914 927 948 937 977 919 973 987 991 931 950 946 945 929 981 929 905 907 907 924 918 917 932 967 961 953 977 999 928 917 988 916 992 994 995 961 907 959 900 955 978 901 911 978 978 936 912 989 926 984 957 907 997 903 918 992 962 998 957 975 956 928 953 939 905 998 958 909 911 937 901 976 991 922 910 947 970 919 920 900 977 988 990 953 968 913 945 909 987 915
0 0 0 0 0 0 0 0 0 10
0 0 5 0 0 0 0 0 0 0
0 4 0 0 5 0 0 7 0 0
0 0 11 0 0 0 0 0 0 0
0 0 0 0 0 14 0 0 0 0
0 0 0 0 0 0 0 0 0 13
0 0 0 7 0 0 0 0 0 0
0 0 0 0 0 0 0 4 0 0
0 0 0 0 11 0 0 0 0 0
0 0 0 0 0 0 0 0 0 5
0 8 0 0 0 0 0 0 0 10
0 0 0 0 0 5 0 0 0 0
0 0 0 0 10 0 0 0 0 0
0 0 5 0 0 0 13 0 0 0
0 0 0 15 0 0 0 0 0 0
0 0 8 0 0 5 0 0 0 0
0 0 0 0 0 13 0 0 0 0
0 0 0 0 0 0 0 5 0 0
0 0 0 0 0 0 0 0 12 0
5 0 0 0 0 0 0 0 0 0
0 10 0 0 0 0 12 0 0 0
0 0 0 0 14 0 0 0 0 0
0 9 0 0 0 0 0 0 0 0
0 0 0 0 0 0 0 0 0 11
0 0 0 4 0 0 0 0 0 0
0 0 8 0 0 0 0 0 0 0
0 0 0 0 0 0 0 0 0 14
0 0 0 0 0 0 0 0 8 0
0 0 0 0 0 0 0 0 0 11
0 0 0 0 0 0 0 0 9 0
0 0 10 0 0 0 0 0 0 0
0 0 0 15 0 0 0 0 0 8
0 0 0 8 0 0 0 0 0 0
0 0 0 0 0 10 0 0 0 0
0 0 0 0 0 0 14 0 0 0
0 0 7 0 0 0 0 0 0 0
0 0 0 0 0 12 0 0 0 0
0 0 0 8 0 0 0 0 0 0
7 0 0 0 0 0 0 0 0 0
0 0 0 0 0 0 0 0 14 15
0 0 0 0 13 0 0 0 0 0
0 0 0 15 0 9 8 0 0 10
0 0 10 0 0 0 0 0 0 0
0 0 0 0 0 0 0 11 0 0
0 0 0 0 5 0 0 0 0 0
0 0 0 0 0 0 7 0 15 0
0 0 15 0 0 6 0 0 0 0
0 0 0 0 7 14 0 0 0 0
0 0 0 13 0 0 8 0 0 0
0 0 0 0 0 0 0 13 0 13
0 0 14 0 8 0 0 0 7 0
0 14 0 0 0 0 0 11 0 0
0 0 0 0 0 11 4 0 0 0
0 0 0 0 0 0 0 8 0 0
0 0 6 0 7 0 0 0 0 14
12 0 0 0 0 0 0 0 11 0
0 0 0 0 14 0 8 0 0 0
0 0 10 0 0 0 0 0 0 0
0 0 0 0 0 0 12 0 10 7
13 0 0 0 0 15 0 0 0 0
0 0 6 0 14 0 0 0 0 0
0 0 0 9 0 0 0 0 12 0
0 7 0 0 0 10 0 0 14 0
0 10 0 0 0 0 0 0 0 0
0 0 0 11 4 0 0 0 0 0
9 0 0 0 0 0 0 4 0 0
0 0 0 8 0 0 12 0 0 0
0 0 0 8 0 0 0 0 0 0
0 0 0 14 0 0 0 0 0 0
0 0 0 15 0 0 0 0 0 0
0 4 8 0 0 0 0 0 0 0
0 0 0 0 8 0 0 0 0 8
0 0 0 0 0 11 0 0 0 0
0 0 0 0 8 0 0 0 0 0
0 0 0 0 0 13 0 0 0 0
0 14 0 0 0 0 0 0 0 0
0 0 0 0 0 0 0 0 0 5
0 0 0 0 0 0 0 0 0 15
0 0 0 0 0 14 0 0 0 0
0 0 0 0 14 0 0 0 0 0
0 0 0 0 0 0 0 0 8 0
0 0 11 0 0 0 0 0 12 0
0 0 0 0 15 0 0 0 6 11
0 0 0 8 0 0 0 0 0 0
0 0 0 0 4 0 15 0 0 0
0 0 0 0 0 13 0 0 11 0
0 0 0 0 0 0 6 0 0 0
0 0 0 0 8 0 0 14 0 0
0 0 0 0 14 0 0 0 0 0
0 0 8 0 0 0 0 0 0 0
0 0 0 0 0 0 0 12 0 0
0 0 0 0 0 6 0 0 0 0
0 0 0 0 0 0 0 14 0 0
11 0 6 0 0 0 0 0 0 0
0 0 0 0 12 0 0 0 13 0
0 4 0 0 0 0 0 0 0 0
0 0 10 0 0 0 0 0 0 0
0 15 0 0 0 0 0 0 0 0
0 0 8 0 0 0 0 0 7 0
7 0 9 6 0 0 0 0 0 4
25 25 25 25 25 25 25 25 25 25
38 39 35 27 21 36 31 34 26 26
7577

1
