100 10
951 995 927 967 998 941 940 919 961 976 907 985 984 912 927 902 944 901 960 941 906 933 973 991 988 964 921 923 910 932 986 948 978 923 925 927 961 924 908 957 974 939 983 998 916 957 987 934 923 916 904 960 928 973 918 917 904 975 975 979 971 947 928 992 938 953 921 990 927 995 947 984 916 983 987 907 904 923 941 974 925 904 946 918 927 942 930 974 979 951 930 963 919 937 931 990 991 995 957 922
0 0 0 0 15 5 0 0 0 0
0 10 10 8 0 0 0 0 0 0
0 11 0 0 0 6 0 0 0 0
0 14 0 0 0 0 0 0 0 0
0 0 0 5 0 15 0 0 0 0
15 0 0 0 0 0 0 0 0 0
0 0 0 0 0 0 0 14 0 0
0 5 0 0 0 0 0 0 14 0
0 0 0 14 0 0 0 0 0 0
0 0 0 0 0 5 0 0 0 5
9 0 0 0 0 13 0 0 0 0
0 0 0 4 0 0 0 0 0 5
0 6 0 0 0 0 0 0 0 0
0 11 0 0 0 0 0 0 0 0
0 0 0 0 0 0 0 0 0 15
0 0 0 0 0 0 14 0 0 0
0 0 0 0 0 0 9 0 0 0
5 14 0 8 0 0 15 0 5 0
0 0 0 0 9 0 0 0 0 0
0 0 0 0 0 9 0 0 0 0
7 0 0 0 0 6 0 0 12 0
14 0 9 0 0 0 0 0 0 0
0 4 0 0 7 9 0 0 0 0
0 0 14 0 0 0 0 0 0 0
0 0 0 0 0 0 0 0 0 9
0 0 0 0 0 0 0 0 5 0
0 0 0 0 0 0 15 0 0 7
0 0 0 0 0 0 0 11 0 0
0 8 0 0 0 0 0 0 0 0
0 0 0 0 0 4 0 0 0 0
0 0 9 0 0 0 0 0 0 0
0 0 0 0 0 0 0 0 0 12
0 0 5 0 0 0 0 0 0 0
0 0 0 0 0 0 7 0 6 0
0 0 0 0 13 8 8 0 0 0
0 0 12 0 10 0 0 0 0 0
14 0 0 0 0 0 0 0 5 0
0 15 0 0 0 0 0 0 0 0
0 0 11 8 0 0 0 0 0 0
0 0 0 0 0 14 0 0 0 0
0 0 0 0 0 0 0 10 0 0
0 0 0 0 0 9 0 0 0 0
0 0 0 12 6 0 0 0 0 0
0 0 0 0 0 0 0 0 5 0
0 0 0 0 0 0 4 0 0 0
0 0 0 0 0 0 0 0 15 0
7 0 0 0 0 0 0 0 0 0
0 0 0 0 0 0 0 0 15 0
6 0 0 0 0 0 0 0 0 0
13 0 0 0 0 0 0 0 0 0
11 8 0 0 11 9 4 0 0 0
0 0 0 0 0 10 0 0 0 0
12 15 0 0 0 0 0 0 0 0
10 0 0 0 4 0 0 0 9 0
10 0 0 10 0 0 0 0 0 0
0 0 13 0 0 8 0 0 15 0
0 0 0 0 0 0 0 0 6 0
0 0 0 0 0 0 13 0 0 0
0 7 0 0 0 0 0 0 0 0
0 9 0 0 0 0 0 0 0 0
0 0 0 0 0 14 0 0 7 0
0 0 10 0 0 0 0 0 0 0
0 9 0 0 0 0 0 0 0 4
0 0 0 11 0 0 0 0 14 0
0 0 7 13 0 0 0 0 0 0
5 0 0 0 0 0 0 9 0 0
0 7 0 0 0 0 12 0 0 0
0 0 0 12 13 0 0 0 0 0
0 0 0 5 0 0 0 0 0 0
0 0 0 0 14 0 0 15 0 0
0 0 0 0 0 13 0 0 0 0
0 0 0 0 0 0 0 15 0 0
0 0 0 0 0 0 5 0 0 0
0 0 0 0 12 0 0 0 0 0
5 0 0 0 0 0 13 0 0 0
0 0 0 6 0 0 0 0 0 0
8 9 0 0 0 0 0 0 15 0
0 0 0 0 0 0 0 7 14 0
0 0 9 0 0 0 0 0 0 11
0 0 12 0 0 0 0 0 0 0
0 0 0 0 0 0 0 0 14 0
0 0 10 0 0 0 0 0 0 0
0 9 8 0 0 0 0 0 0 0
0 0 14 0 0 0 0 0 14 0
0 0 0 0 0 0 0 0 0 14
0 14 0 0 0 0 0 0 0 0
7 0 0 5 0 0 0 0 0 0
0 0 0 0 0 0 0 14 0 0
0 0 0 0 0 0 0 0 0 15
0 0 0 0 0 0 0 0 7 0
0 0 0 0 0 0 0 7 0 0
15 0 0 0 0 0 11 0 0 0
0 0 12 0 0 0 0 0 0 0
0 0 0 0 0 0 0 0 7 9
0 0 0 0 0 0 0 8 0 6
0 0 0 0 0 8 0 0 0 0
14 0 0 0 14 0 0 0 0 0
4 0 0 0 0 0 0 0 0 0
0 0 10 0 0 0 0 11 0 15
0 0 5 0 0 14 0 0 0 0
25 25 25 25 25 25 25 25 25 25
32 37 27 27 38 29 25 38 21 24
6736

1
