100 5
418 471 446 427 411 482 487 461 403 410 419 426 401 450 469 498 471 470 417 469 463 405 441 457 478 406 412 467 408 442 407 465 407 451 484 477 430 469 492 443 466 402 412 422 444 498 469 448 400 498 429 453 419 402 450 481 408 441 486 417 414 431 409 414 418 491 424 468 467 404 402 483 485 483 432 499 481 498 430 461 471 463 457 403 406 428 401 413 473 415 461 447 461 420 406 455 470 414 453 451
7 7 0 8 5
0 6 0 0 14
10 0 13 9 9
12 9 0 14 0
5 11 0 12 11
14 0 0 6 0
7 0 0 0 0
6 0 14 0 4
13 0 0 5 9
10 0 14 0 8
0 4 0 5 5
10 9 8 0 0
0 4 11 0 4
10 0 4 0 0
6 0 7 13 8
9 0 0 10 6
0 15 0 0 5
0 0 15 6 6
15 0 10 0 0
0 0 6 4 12
14 13 6 14 4
0 15 7 9 5
6 5 0 0 0
6 9 0 0 10
12 13 0 6 11
15 9 14 0 9
13 0 0 7 12
5 13 0 8 0
5 11 0 6 7
15 14 14 8 0
0 13 13 0 13
8 9 0 0 0
9 0 8 13 9
10 12 0 14 0
0 0 0 6 5
0 0 8 5 0
0 0 4 0 0
0 0 0 13 5
5 0 4 11 0
6 0 6 0 14
0 11 0 0 14
0 0 0 0 9
11 0 0 8 5
5 0 5 0 0
0 0 0 8 12
9 7 0 14 0
8 0 0 0 0
7 0 14 14 0
5 0 6 0 0
0 0 15 9 14
0 7 6 0 4
0 0 15 0 7
10 15 0 6 0
0 8 6 10 0
11 15 12 6 15
0 0 14 10 0
5 12 8 0 10
0 0 0 5 10
9 0 10 4 0
10 13 15 0 0
12 13 5 9 0
5 10 5 0 0
0 0 12 15 0
0 0 5 0 0
0 0 0 6 13
14 0 9 0 6
0 9 9 7 13
6 8 0 6 5
0 0 0 13 15
0 0 0 0 14
0 7 0 14 0
4 4 13 0 0
0 14 12 4 0
0 7 10 9 6
15 4 8 0 0
0 9 10 0 0
0 0 0 0 10
11 0 8 10 12
0 0 0 0 14
14 0 0 0 0
0 11 0 13 9
12 0 0 0 6
13 0 4 0 10
0 0 13 0 0
12 0 11 0 0
6 0 11 0 9
0 0 15 0 12
6 4 10 6 10
5 7 0 15 0
15 6 0 0 7
0 5 14 0 13
6 8 4 0 0
0 14 6 14 11
8 0 0 8 5
15 15 0 13 8
0 0 6 0 15
0 6 0 5 7
9 0 0 13 0
0 0 0 11 10
0 0 0 11 6
25 25 25 25 25
34 20 30 28 31
1277

1
