100 7
627 630 644 671 697 606 632 605 648 634 697 638 674 647 652 677 608 658 696 671 699 618 664 601 652 659 691 652 601 684 697 641 605 681 619 681 619 675 626 617 626 622 625 676 638 680 633 646 694 684 636 614 668 682 634 620 697 655 622 680 682 604 625 678 616 603 640 610 695 667 645 652 651 658 669 698 660 650 629 676 645 651 675 609 643 667 651 660 664 612 695 696 662 684 693 680 642 640 636 652
0 0 0 9 0 0 0
0 0 0 0 11 0 0
0 0 0 0 5 0 0
4 0 8 14 0 0 0
0 14 0 0 15 0 0
0 0 14 12 0 0 0
0 0 0 0 11 0 11
0 0 9 0 0 10 0
0 12 0 0 0 0 0
0 14 0 0 0 0 0
15 0 0 0 0 0 0
0 0 0 0 7 0 8
0 9 0 0 14 0 12
15 0 14 0 5 0 0
10 0 0 0 0 0 0
0 0 0 4 0 0 0
0 0 0 9 0 0 0
0 0 0 0 7 0 0
11 12 10 0 0 0 0
0 8 0 0 0 0 0
14 0 0 0 0 0 0
0 0 6 0 7 0 0
0 0 0 14 0 11 4
12 0 0 0 0 0 0
0 0 15 0 0 0 0
0 0 0 6 0 0 0
11 7 0 0 0 0 0
12 0 0 0 0 0 0
12 0 9 0 0 15 0
0 0 0 14 0 0 0
7 14 0 0 0 0 0
0 0 0 0 0 0 13
0 0 7 0 0 12 6
7 0 0 10 0 0 0
14 0 0 6 15 0 0
0 0 0 0 0 9 0
0 0 0 0 4 0 0
0 7 0 0 0 0 0
6 0 0 0 0 0 14
0 15 0 11 0 0 0
8 15 0 10 0 0 0
0 8 8 0 0 9 9
0 12 0 0 9 0 0
0 0 4 0 0 0 0
0 0 0 0 14 0 0
0 0 0 0 0 0 15
0 0 0 15 0 0 4
0 0 0 0 0 14 0
12 0 0 0 7 7 0
7 0 4 0 0 0 0
0 13 0 0 9 0 0
5 0 0 0 8 0 0
0 0 0 12 0 0 0
0 0 0 11 0 0 0
15 0 0 0 0 0 0
0 0 12 0 0 0 0
0 0 0 0 6 0 0
0 5 0 0 0 0 0
8 0 0 0 0 0 0
0 0 0 0 0 4 14
0 10 0 0 0 0 0
0 0 0 0 10 0 0
0 0 0 0 11 0 0
0 0 7 0 0 9 0
0 7 0 0 0 0 0
0 4 10 0 0 13 0
9 0 0 0 0 0 7
0 0 0 14 4 0 12
0 0 13 0 0 0 0
0 0 0 0 0 7 0
0 0 0 15 0 0 13
0 13 0 0 0 0 0
0 0 0 0 0 0 8
0 13 0 0 0 0 0
0 0 0 0 14 0 0
10 0 14 0 0 0 0
6 0 0 0 0 14 0
0 0 4 0 0 0 0
0 0 0 0 8 0 0
0 5 0 8 0 0 10
0 5 0 0 0 0 0
0 0 0 11 4 0 5
0 0 0 0 6 0 0
5 4 0 0 0 0 0
0 9 0 14 0 0 0
0 0 10 5 0 5 0
0 7 0 0 0 0 0
0 0 8 0 0 11 0
0 10 0 0 11 0 0
9 12 0 0 5 0 0
0 0 0 0 7 15 10
4 15 0 0 0 14 0
0 13 0 0 0 0 10
14 0 15 0 0 0 0
0 14 4 14 15 0 0
15 0 0 0 0 0 0
0 0 0 0 0 7 13
0 14 7 0 10 0 0
14 0 0 0 0 0 0
0 0 7 0 0 0 0
25 25 25 25 25 25 25
24 35 31 32 27 33 26
3535

1
