100 4
394 339 352 310 372 398 326 367 380 396 329 310 319 343 386 364 327 388 335 395 310 315 338 398 377 316 349 380 312 329 357 325 328 304 324 388 380 373 353 389 355 386 370 306 338 359 372 370 323 344 382 346 363 326 363 388 318 301 328 306 370 349 331 375 368 397 320 301 346 313 361 387 370 388 363 335 364 392 312 393 345 370 359 326 384 311 396 379 333 354 321 366 364 385 322 351 348 381 315 373
15 14 10 5
11 12 4 5
14 5 12 11
12 12 13 8
4 7 6 13
9 11 7 6
8 11 10 6
12 5 15 13
8 15 9 12
4 15 12 4
15 10 13 11
14 8 11 8
7 14 9 14
15 6 5 14
8 14 11 4
15 5 15 6
6 11 9 8
10 9 12 12
14 10 10 11
6 7 9 13
4 12 5 13
14 15 4 6
6 15 12 11
8 15 7 7
10 11 13 13
11 10 12 9
15 14 7 9
8 5 8 12
12 13 5 5
12 12 14 12
6 12 9 11
7 12 15 6
9 9 5 12
13 6 9 15
10 4 12 15
12 14 14 7
10 9 10 6
8 12 12 7
4 8 14 8
8 13 4 11
14 11 14 7
14 13 13 7
8 13 13 11
7 14 5 4
14 8 6 12
5 11 7 11
13 15 11 7
7 5 4 8
5 4 6 4
9 12 14 15
15 14 15 8
11 5 11 6
4 6 14 15
9 13 14 8
11 10 5 14
9 12 9 14
6 8 7 14
14 10 6 9
5 6 4 6
14 12 14 9
12 4 11 15
12 10 4 14
4 7 14 11
9 6 14 6
5 11 11 9
13 14 7 12
4 5 6 9
10 5 9 13
6 5 11 13
12 14 7 9
10 7 8 13
14 7 15 14
10 9 8 9
15 6 4 12
14 15 12 9
9 10 12 6
10 13 12 15
10 10 6 14
11 15 10 11
6 7 12 12
10 15 9 6
6 13 5 5
10 12 10 7
14 10 15 8
13 11 9 11
11 12 14 8
14 6 4 7
4 6 5 11
7 15 6 12
8 15 11 15
4 4 4 5
13 9 14 4
9 6 6 8
5 10 5 6
7 4 6 12
12 9 11 11
11 15 11 7
15 13 12 6
4 8 14 13
6 15 6 4
25 25 25 25
40 22 37 21
855

1
