100 7
690 696 678 633 698 684 633 668 693 605 677 632 651 616 686 605 665 611 669 616 639 657 684 606 679 698 694 622 698 686 612 668 620 641 659 660 696 633 666 686 662 609 685 697 604 600 640 620 684 642 622 647 688 621 625 615 665 630 690 692 606 635 682 629 673 623 636 612 688 626 684 695 618 611 637 647 669 643 663 675 619 655 660 613 641 666 632 657 608 635 696 627 688 646 607 616 640 685 681 621
0 0 0 0 0 0 4
0 0 0 0 6 0 9
5 0 11 9 0 0 5
0 0 0 0 0 10 0
0 0 9 8 0 0 11
0 0 0 0 0 0 11
0 5 0 6 0 0 12
0 0 0 7 0 0 0
0 0 0 0 0 0 14
13 0 0 0 0 0 11
8 0 0 0 0 0 7
0 6 0 0 0 0 8
0 12 0 0 14 0 0
8 0 0 0 0 0 0
0 0 0 0 0 10 0
0 15 0 4 0 0 0
0 15 0 0 0 0 9
0 9 0 0 0 5 0
0 0 0 0 15 0 0
0 0 4 0 13 0 0
0 9 0 0 5 5 13
0 0 7 0 0 0 0
0 9 11 0 15 0 0
0 0 0 7 0 0 0
0 15 0 0 0 0 0
0 0 0 0 0 15 0
0 0 9 0 0 0 0
0 8 0 0 0 0 0
5 13 0 0 8 0 0
11 0 0 0 9 0 0
0 0 0 0 0 6 0
0 0 0 0 0 7 7
0 0 0 5 0 0 0
0 0 0 0 5 0 0
0 0 0 10 0 0 0
0 0 0 0 0 0 10
0 0 0 8 0 7 0
7 0 0 5 0 0 8
0 11 0 0 0 10 0
0 0 0 0 7 0 0
0 0 0 0 13 0 7
0 0 0 9 0 0 0
0 0 0 0 0 0 9
0 6 0 0 0 5 9
0 13 0 0 0 0 0
0 0 0 0 7 0 0
0 0 0 8 0 0 13
4 12 10 0 0 0 0
15 0 0 0 0 0 0
0 0 0 0 0 10 0
0 0 0 0 6 0 0
0 0 0 0 0 13 0
15 0 0 0 0 0 0
12 0 0 0 0 15 0
0 0 0 0 0 0 11
0 15 7 0 0 15 0
0 0 0 0 0 0 12
0 0 0 0 11 13 15
0 0 0 0 14 0 0
14 0 0 0 0 9 0
10 0 0 0 0 0 0
0 5 0 0 0 0 0
6 6 0 5 0 0 0
0 4 0 0 0 0 0
0 0 0 0 0 12 0
0 0 0 0 0 13 0
10 0 0 0 0 0 6
6 0 0 0 0 0 12
0 0 7 0 0 0 9
0 0 0 9 0 0 0
0 0 0 0 5 0 0
0 0 13 0 0 0 12
0 0 8 0 0 0 0
0 6 0 0 0 0 0
0 0 13 9 13 13 0
0 0 0 0 13 0 0
0 0 0 4 0 0 0
0 0 0 0 0 0 11
0 0 0 0 0 0 4
0 5 13 0 0 6 4
0 15 11 0 0 0 0
0 0 0 0 14 0 0
0 0 0 0 0 7 0
0 0 0 0 0 0 5
0 11 0 7 0 0 0
0 8 0 0 0 0 12
0 0 0 0 0 0 14
0 0 0 0 6 0 0
0 0 0 0 13 0 0
0 0 12 11 0 0 0
0 0 0 13 0 10 14
0 4 0 0 0 0 0
0 0 0 0 0 6 13
13 0 15 14 0 0 0
0 0 0 11 14 13 0
0 0 14 14 4 0 0
10 0 6 0 0 0 0
0 12 0 12 0 0 0
0 0 0 12 12 0 0
0 13 0 0 4 0 0
25 25 25 25 25 25 25
40 37 29 24 32 27 20
3815

1
