100 5
476 447 446 408 468 429 440 407 422 447 457 430 404 447 426 444 481 410 460 489 409 498 441 426 478 423 404 475 431 453 414 452 496 499 419 485 479 437 422 419 474 479 423 480 473 409 411 408 459 479 489 482 477 402 427 402 403 446 451 437 400 468 485 484 401 439 472 459 405 410 462 441 428 437 448 456 466 433 473 462 407 427 470 487 454 445 476 427 491 456 415 428 454 414 477 493 498 423 431 471
0 0 0 0 10
12 14 0 0 10
15 7 9 0 7
7 0 14 0 14
0 0 0 5 11
0 0 0 8 6
0 13 11 0 0
8 0 0 0 0
0 0 11 4 0
0 12 0 0 4
0 0 9 0 0
0 5 0 0 4
14 7 11 14 0
12 8 8 9 0
6 0 0 8 0
7 0 0 0 0
12 0 0 10 6
0 10 5 0 0
9 0 0 6 8
0 14 0 6 0
0 0 5 15 5
0 0 14 14 12
13 0 0 0 0
0 13 8 13 0
8 0 0 0 0
0 12 0 0 0
13 0 6 10 4
0 0 12 15 5
0 9 0 0 0
15 0 0 0 8
8 0 0 13 0
0 0 12 0 0
0 12 0 0 13
0 0 10 5 11
0 0 15 5 8
4 7 7 0 0
0 6 6 0 0
0 5 6 0 0
15 7 6 0 0
0 6 15 9 7
6 0 0 6 0
0 4 11 0 14
13 0 14 11 4
4 0 0 0 0
7 0 0 7 11
13 5 10 12 0
0 8 0 15 11
0 15 0 11 0
8 0 4 0 0
15 6 0 0 0
7 13 11 0 13
0 0 8 0 0
8 0 9 0 12
13 0 10 13 0
0 13 0 0 0
0 0 5 0 12
0 7 0 0 0
9 7 0 6 9
7 11 13 8 6
0 0 6 0 4
0 0 15 14 12
0 13 9 0 10
0 10 0 0 0
10 0 6 0 7
0 0 15 8 0
4 11 0 0 0
8 0 7 0 0
8 0 0 0 12
0 6 0 0 5
14 0 0 0 10
0 0 15 11 0
6 0 0 15 6
0 15 0 12 10
0 14 11 15 6
0 4 4 0 9
0 0 0 11 10
0 0 4 0 13
11 15 0 0 0
0 11 9 11 10
0 0 6 9 0
13 0 0 0 15
4 0 0 0 12
0 0 0 9 0
0 13 0 0 0
0 6 9 13 14
12 6 12 5 0
14 0 13 5 0
15 12 9 5 14
15 13 0 0 0
0 0 5 12 0
5 0 0 0 0
5 0 0 7 9
8 0 0 8 15
4 0 0 15 9
9 0 6 0 0
4 0 14 0 0
7 14 11 0 0
0 0 15 15 0
0 0 7 0 5
0 13 6 0 15
25 25 25 25 25
37 35 31 33 34
1431

1
