100 10
986 975 948 980 954 969 971 938 953 987 944 966 916 990 935 904 952 975 901 948 951 978 984 975 969 944 988 912 995 984 938 919 995 929 915 930 946 970 945 974 975 909 934 936 926 966 944 905 969 984 972 929 950 972 927 924 914 941 995 959 986 997 942 944 901 950 950 940 942 915 958 987 992 930 940 992 943 986 980 984 949 949 912 904 915 963 986 978 943 940 944 956 988 936 947 929 968 934 968 942
0 0 0 0 0 14 0 0 0 0
8 0 0 0 0 0 0 0 0 0
0 0 0 0 0 0 0 0 0 8
0 0 0 0 0 0 8 0 0 0
0 0 6 0 0 0 0 0 0 0
0 0 0 0 0 0 0 0 12 0
0 0 0 0 0 0 0 0 11 0
0 11 0 0 0 0 0 0 0 0
0 14 0 0 0 0 0 0 0 0
0 0 0 0 0 0 0 13 0 0
0 0 5 7 0 0 0 0 0 0
5 0 13 0 0 10 0 0 0 0
0 0 9 0 0 7 0 0 0 0
0 0 0 0 0 0 6 0 0 0
13 5 0 0 0 0 0 0 0 4
0 0 0 0 0 0 0 0 0 14
0 0 0 5 0 0 0 15 4 0
6 0 0 0 0 0 5 0 0 0
8 0 0 0 0 0 12 0 0 0
0 7 9 6 0 0 0 0 0 0
0 0 5 0 0 0 0 0 0 0
0 0 0 6 0 0 8 0 5 0
0 0 0 0 0 6 0 0 6 0
0 12 0 0 0 0 0 0 8 0
11 0 0 0 0 0 0 0 0 11
0 0 0 0 0 0 0 0 7 0
0 15 0 0 0 0 0 0 0 0
0 0 0 0 0 10 0 0 0 0
0 0 0 13 0 0 0 0 0 0
0 0 0 12 0 0 0 0 0 0
10 0 0 0 0 0 0 0 0 0
0 9 0 0 0 0 0 0 0 0
0 7 0 0 0 10 0 0 0 0
0 0 0 0 0 10 0 0 0 0
0 0 0 13 0 15 0 0 0 0
0 5 0 0 0 0 0 0 0 0
8 0 0 0 0 0 0 0 0 0
0 0 0 0 4 0 9 0 0 0
13 0 9 0 0 0 0 0 0 0
0 0 0 0 0 12 0 0 0 7
0 0 0 4 0 0 0 0 0 0
0 0 6 0 7 0 0 0 0 0
0 0 0 0 0 0 0 0 0 14
4 0 0 0 5 0 0 0 0 0
0 8 10 0 0 0 6 0 0 0
0 0 13 0 0 0 0 0 0 0
7 0 0 6 0 0 0 0 0 0
9 0 0 0 0 0 0 0 0 0
0 0 0 0 0 10 0 0 0 0
7 0 10 0 12 0 0 0 0 0
11 0 0 0 0 0 0 0 0 0
0 0 0 0 0 12 0 0 0 0
0 0 0 0 0 9 0 0 0 0
0 0 0 9 0 15 0 0 0 0
4 0 0 0 0 0 0 15 0 9
0 0 0 11 0 0 4 0 0 0
0 10 13 0 0 0 0 0 0 8
0 0 0 0 0 15 0 0 0 0
0 14 0 0 0 0 0 0 0 11
0 0 14 0 4 0 0 0 0 0
9 0 0 0 0 0 0 0 13 0
0 4 0 0 0 0 0 0 0 0
8 0 0 0 0 0 8 8 0 0
0 15 0 8 0 0 0 0 0 0
0 0 12 0 0 0 0 6 0 0
10 0 0 0 0 8 10 0 0 0
0 0 11 0 0 0 0 0 0 0
0 0 5 0 0 0 0 0 0 0
0 0 0 0 6 0 0 5 0 0
0 0 0 0 0 0 0 0 0 12
0 0 0 0 0 0 5 0 0 0
0 0 0 0 0 0 0 0 0 11
0 0 0 12 0 0 0 0 0 0
0 0 6 0 0 0 0 0 0 0
0 0 0 12 0 0 0 0 0 0
0 0 6 0 0 0 0 0 0 0
0 0 0 6 0 0 0 0 0 0
0 0 0 13 8 0 0 0 0 0
0 0 0 0 0 15 0 6 0 0
12 0 0 0 0 0 0 0 0 0
0 0 0 0 7 0 0 0 0 0
0 6 9 0 0 0 0 0 0 0
6 0 0 0 0 0 0 0 0 0
0 0 0 0 0 0 5 0 0 0
0 0 0 0 0 0 0 0 0 13
0 0 0 0 0 0 0 9 0 0
0 0 0 9 0 0 0 0 0 0
0 0 0 0 0 0 0 12 15 0
0 0 0 0 0 0 6 0 0 0
0 0 0 0 0 5 0 0 0 0
0 0 4 0 0 0 0 0 0 0
0 0 0 0 0 0 0 0 5 0
15 0 0 0 0 0 0 0 0 0
11 0 0 0 0 0 0 0 0 0
0 0 0 0 0 0 0 11 0 0
0 0 0 11 0 10 0 0 0 0
0 0 0 0 0 0 0 0 0 9
15 0 0 0 0 0 0 4 0 0
0 0 11 0 0 0 0 0 0 0
0 0 0 0 0 11 0 0 0 0
25 25 25 25 25 25 25 25 25 25
30 21 40 40 39 31 36 38 28 21
8093

1
