100 6
574 517 565 500 550 552 595 599 511 598 532 541 550 509 550 553 528 599 571 593 592 541 583 565 571 569 517 513 522 520 526 521 532 595 506 555 573 558 558 595 566 517 582 542 502 537 533 524 515 561 595 535 539 502 588 509 502 581 502 507 569 590 529 530 552 526 591 595 545 582 565 585 525 567 567 562 537 551 568 587 526 542 555 526 585 594 574 583 594 545 556 547 556 508 586 576 539 505 517 577
8 0 11 14 0 5
0 9 14 15 0 5
0 0 9 0 0 0
0 10 0 0 10 7
0 12 0 0 4 0
0 0 5 13 0 0
0 4 6 14 0 0
15 0 0 14 14 0
7 0 0 4 15 9
10 0 0 0 0 0
0 0 14 14 0 0
0 4 14 11 0 0
0 0 7 0 13 14
0 0 0 0 9 9
0 0 0 0 0 7
0 0 0 6 0 0
0 5 0 0 14 4
0 0 0 6 0 0
0 9 0 0 0 0
0 0 0 12 0 0
0 0 0 6 5 0
0 0 0 0 8 0
14 0 14 4 0 0
0 0 15 0 11 0
0 13 15 0 15 0
0 0 5 0 0 6
8 0 0 0 14 0
6 0 13 0 10 0
0 0 0 14 0 0
15 0 15 0 9 0
0 0 0 5 0 0
8 0 10 0 5 0
0 5 0 0 0 0
0 4 0 0 0 15
0 0 14 11 7 0
14 13 0 14 0 0
0 0 10 7 13 0
0 0 12 0 0 0
0 0 0 0 0 13
0 0 13 0 0 0
10 0 0 13 0 0
5 5 0 0 0 5
0 8 9 0 5 11
0 0 0 0 0 13
13 14 0 0 0 0
0 0 9 4 13 0
0 4 0 4 0 0
0 0 0 13 0 5
5 9 0 6 0 0
0 0 0 10 0 15
0 0 11 0 5 0
0 10 0 13 6 0
0 0 15 0 0 0
0 0 10 0 0 0
7 0 13 0 0 0
0 8 0 12 0 14
4 0 0 0 0 0
0 0 0 14 0 0
0 6 13 13 14 0
7 0 9 9 0 0
11 0 0 0 0 0
0 9 0 14 8 0
12 0 0 0 0 0
0 0 5 0 0 0
0 0 5 0 0 0
0 0 15 14 0 6
0 9 0 0 5 0
9 0 0 0 14 0
0 0 5 0 15 0
6 0 0 0 15 5
0 0 0 4 13 0
14 8 7 13 0 0
0 0 6 0 5 9
0 0 11 0 0 12
0 0 8 0 11 0
0 0 0 13 0 0
9 0 9 0 0 0
0 5 11 0 15 13
0 8 0 0 0 9
0 11 0 9 13 7
0 15 0 0 0 6
0 0 11 8 0 0
0 4 0 0 15 14
0 4 0 0 0 0
0 0 0 0 13 0
0 0 15 8 0 9
6 11 0 0 0 0
7 0 5 0 15 0
14 0 0 0 0 0
0 0 13 0 0 0
0 0 14 0 0 0
0 0 0 14 6 8
0 15 0 0 0 0
7 0 15 11 0 12
0 9 0 0 13 14
13 0 0 0 5 0
11 0 0 0 15 10
0 7 0 0 13 0
0 0 14 0 0 0
0 0 14 0 0 0
25 25 25 25 25 25
25 36 21 29 27 40
2422

1
