100 4
388 374 308 339 377 354 310 306 304 301 351 330 395 339 330 364 356 376 357 389 335 384 344 306 330 318 313 315 351 376 338 362 354 301 332 353 382 387 341 336 335 322 321 360 373 347 340 307 328 382 359 393 304 386 398 318 357 390 303 375 388 357 370 340 340 339 377 323 308 368 355 306 314 351 396 315 374 323 363 333 385 358 389 371 345 309 382 329 377 348 374 351 358 345 362 362 310 353 312 350
10 5 10 9
6 9 6 15
4 13 11 10
7 5 6 10
11 10 15 6
13 9 8 11
4 5 5 14
8 9 9 14
7 15 15 7
11 6 5 8
4 8 9 9
8 12 6 9
13 12 11 9
4 8 11 10
14 9 5 7
9 10 5 4
10 14 13 7
10 11 5 10
4 12 11 15
12 7 11 10
14 15 4 10
11 6 4 4
7 4 15 5
12 11 12 8
5 8 9 9
12 11 15 15
14 15 15 14
15 10 14 10
11 10 6 5
5 13 14 12
11 4 9 6
7 8 15 7
15 15 13 6
9 12 13 14
12 15 12 8
13 13 10 15
14 13 9 11
6 9 5 10
14 12 4 5
13 13 11 11
4 14 7 12
6 6 9 11
9 11 14 8
6 4 15 11
4 4 5 14
6 8 9 10
4 8 13 14
6 14 4 14
4 5 14 9
14 15 5 14
4 7 9 15
15 15 13 12
6 11 6 4
13 11 6 12
13 12 6 5
14 11 11 6
15 4 6 4
13 4 15 11
7 11 5 15
14 11 12 8
11 6 9 12
8 11 13 12
10 9 13 11
9 13 7 13
9 12 11 12
7 14 10 15
9 12 11 13
13 14 12 10
15 9 4 14
13 6 12 7
14 9 9 6
7 7 11 10
15 7 9 11
12 4 10 12
15 4 13 10
15 14 13 14
6 5 9 10
14 10 5 15
8 5 14 8
13 12 9 9
15 11 8 4
8 9 4 12
15 5 5 12
8 10 8 4
8 12 11 8
6 14 7 10
6 10 12 7
5 6 12 6
7 14 5 4
7 7 14 10
6 13 9 13
4 14 15 4
5 8 14 4
4 6 9 11
7 7 4 13
9 4 9 10
6 6 10 13
6 9 13 10
9 6 15 4
15 10 12 11
25 25 25 25
35 36 38 36
793

1
