100 7
692 641 661 655 625 603 624 697 641 636 665 606 695 696 681 643 600 688 604 657 671 652 690 663 632 646 649 692 677 614 620 620 658 654 659 606 659 643 622 648 626 665 600 651 603 665 640 604 620 605 603 676 612 693 613 697 651 661 635 675 673 606 678 655 600 655 665 618 682 682 689 617 612 635 641 689 692 617 602 694 613 627 693 630 693 615 689 655 641 679 676 693 625 620 629 624 682 616 676 614
0 0 0 0 8 0 8
0 0 0 0 0 14 0
0 0 0 4 0 0 0
0 0 0 0 0 0 10
0 0 0 0 14 0 0
0 0 11 15 0 8 0
0 15 0 0 0 0 0
7 0 0 15 0 0 7
0 0 8 15 13 0 0
0 0 7 0 10 0 0
0 0 0 8 6 0 13
15 0 0 0 0 0 15
0 0 9 0 0 7 0
14 0 0 0 0 0 0
0 0 11 0 0 0 13
14 0 0 0 4 0 0
0 0 0 15 10 0 0
14 0 0 10 0 0 0
0 0 0 0 0 0 7
9 0 0 0 0 0 0
9 0 0 0 0 0 0
0 0 0 4 0 0 15
13 0 5 0 0 11 0
0 0 0 12 0 0 0
0 0 0 0 0 7 0
0 0 5 0 0 13 0
0 0 0 0 14 0 0
0 0 8 5 0 0 0
0 10 0 0 0 0 9
0 0 4 0 0 0 0
0 6 0 0 13 0 0
0 14 0 12 0 14 0
0 0 0 6 0 0 0
5 0 0 0 12 0 9
7 0 7 13 0 0 0
0 0 15 0 0 0 0
0 0 0 8 0 0 0
0 0 0 15 0 0 0
12 6 0 0 0 0 14
0 0 15 5 7 0 6
12 0 0 10 0 0 0
0 0 0 14 12 12 14
0 0 0 0 0 0 9
9 0 0 0 0 0 0
6 0 0 0 0 0 5
0 11 0 0 0 0 0
0 0 0 10 0 0 0
0 0 0 4 0 0 10
0 0 0 0 0 12 0
0 0 0 0 0 0 7
0 0 0 0 12 0 10
9 0 0 0 0 0 6
0 6 14 0 0 0 14
0 8 0 0 0 5 0
8 12 15 0 0 0 0
0 0 0 0 0 4 0
12 0 0 0 12 0 0
15 0 0 11 0 0 0
7 0 0 0 0 0 0
15 9 0 0 0 0 6
12 15 0 0 0 0 15
0 0 0 0 10 0 15
9 0 0 11 0 0 0
0 0 9 0 0 6 0
13 0 7 7 0 0 0
0 0 0 10 0 0 13
0 0 11 0 0 0 0
0 0 0 0 0 15 0
0 0 6 0 13 0 5
8 7 0 0 0 0 0
0 0 8 0 0 0 0
0 0 0 0 7 14 0
0 9 0 8 0 8 0
13 0 0 0 0 0 7
0 0 0 10 0 0 0
7 0 0 0 5 9 0
0 11 0 0 0 0 0
0 0 0 0 0 7 0
7 0 0 0 0 0 0
0 0 0 0 0 0 6
9 14 0 6 0 0 14
0 9 0 0 0 0 13
0 0 0 0 0 0 7
14 0 0 0 0 11 9
0 0 0 0 0 13 0
0 12 0 0 0 0 0
0 0 0 13 0 0 0
0 0 12 0 0 0 0
0 0 10 0 15 0 0
0 0 0 6 0 0 0
8 0 0 0 0 0 0
0 0 0 0 0 0 5
0 0 0 10 0 0 0
0 0 0 0 0 0 6
0 0 0 0 0 15 0
0 15 0 0 0 0 0
0 11 8 0 9 0 14
0 0 0 6 0 0 0
0 0 0 15 0 0 0
0 0 14 0 0 13 0
25 25 25 25 25 25 25
35 38 31 21 30 20 23
3316

1
