100 6
536 552 508 530 517 585 502 584 557 519 558 593 569 511 515 578 578 558 551 598 581 555 538 527 587 540 503 582 529 534 567 561 580 509 541 539 592 523 509 533 531 587 574 561 521 589 534 587 579 545 500 539 533 533 549 568 558 550 520 506 580 509 593 560 568 510 565 564 511 502 533 568 582 579 537 595 512 565 512 544 555 590 517 503 555 541 568 553 527 515 582 543 589 527 548 504 508 568 576 520
0 0 14 0 10 0
0 8 15 0 0 0
0 0 6 8 13 9
0 0 14 0 0 7
13 0 0 0 0 0
0 0 12 0 13 0
0 4 4 14 0 7
0 11 8 5 0 0
15 10 0 0 0 0
0 0 0 10 8 0
0 0 14 6 0 0
4 0 0 0 5 0
0 4 0 9 0 0
14 0 0 0 13 0
11 0 0 0 15 0
9 4 4 0 6 0
11 13 0 0 0 0
0 11 0 10 5 14
0 0 0 5 0 0
0 0 8 7 0 10
0 0 0 0 0 10
0 0 8 7 0 0
15 0 14 0 9 4
0 0 11 4 10 0
8 6 0 0 7 0
0 0 0 0 9 14
0 0 0 0 6 0
0 0 7 7 9 0
4 0 15 4 0 0
0 15 0 14 7 0
0 7 0 0 13 0
0 0 0 7 0 0
0 0 0 4 0 12
4 0 9 8 5 0
0 0 0 0 0 14
11 0 7 0 0 0
9 5 8 0 0 0
0 0 9 0 0 0
0 0 0 0 0 8
0 15 0 10 8 7
0 0 0 0 9 0
0 0 0 15 0 0
5 13 0 0 0 0
5 4 12 7 10 0
0 4 0 0 14 0
0 0 0 9 13 10
0 11 9 0 0 9
0 0 0 13 0 0
0 6 0 0 0 10
9 0 0 0 14 13
4 14 7 0 0 0
14 12 0 5 6 0
0 0 10 0 5 0
0 0 0 12 11 12
7 0 0 0 0 0
0 11 4 0 0 0
0 0 0 11 0 0
0 0 5 12 0 0
0 6 0 0 15 5
0 0 8 9 0 0
4 5 6 9 7 0
0 5 0 0 0 0
0 0 0 13 7 0
0 0 0 0 15 0
0 6 9 5 0 5
0 0 0 9 13 0
0 0 15 11 0 14
0 0 7 10 6 0
0 0 0 0 14 0
12 12 0 0 0 0
11 0 0 14 5 0
0 15 11 0 0 0
0 0 14 0 7 0
11 15 0 0 12 0
0 11 0 6 11 11
6 0 0 6 0 13
0 7 6 11 0 0
0 0 10 0 0 0
10 13 0 0 0 0
15 0 0 0 0 0
0 0 0 0 12 0
0 4 0 0 0 6
15 0 0 7 12 6
0 0 5 0 0 0
0 0 0 0 11 0
0 0 7 0 4 0
0 13 0 9 0 0
0 0 4 15 0 0
14 0 0 0 0 0
0 0 13 0 0 12
0 0 10 6 5 13
0 11 0 0 14 15
0 15 0 0 0 0
0 0 10 4 0 0
13 0 0 0 5 0
0 0 0 0 5 0
6 0 0 0 4 0
0 0 15 5 0 0
7 0 6 0 0 0
11 0 5 11 6 0
25 25 25 25 25 25
37 37 30 23 26 20
2423

1
