100 5
421 477 411 445 469 419 408 406 484 443 409 458 448 463 456 488 409 433 490 423 470 424 420 450 407 467 410 415 475 410 468 495 433 449 430 449 440 495 422 434 451 472 413 473 412 491 403 481 408 412 476 492 485 490 479 465 429 401 495 454 487 442 489 437 437 400 472 489 487 415 400 466 422 456 447 421 489 441 435 493 490 427 400 404 419 406 494 437 419 408 466 468 435 454 461 456 425 424 439 434
5 10 7 0 8
0 9 10 9 9
0 5 11 5 5
0 0 0 0 5
0 6 6 14 0
12 15 0 7 4
0 0 13 9 5
0 0 8 4 0
0 0 14 8 0
11 0 0 10 0
0 13 14 0 0
9 0 10 7 5
0 10 0 0 12
0 0 14 11 15
0 12 14 0 6
10 0 5 0 0
5 0 0 7 9
0 0 14 0 4
0 0 5 0 5
12 0 0 0 0
0 7 8 0 9
14 8 0 12 11
6 0 0 0 0
8 0 11 12 9
0 0 14 5 0
7 0 0 0 12
0 0 0 14 10
7 0 11 10 0
5 10 0 13 0
0 12 13 0 0
8 0 4 0 10
9 0 0 13 15
10 12 0 0 0
0 12 5 0 11
0 0 14 0 14
12 9 5 6 0
0 0 4 13 0
0 0 5 0 0
0 0 15 14 5
7 0 11 0 0
0 5 0 0 12
8 0 0 0 0
11 0 0 0 0
12 12 5 8 8
6 0 5 9 0
0 0 13 0 0
5 0 13 0 10
0 0 0 13 0
6 13 0 13 4
15 8 0 0 0
4 4 8 5 11
14 0 0 14 12
0 0 5 5 14
7 13 0 11 11
12 0 13 0 0
0 0 0 8 15
0 0 15 5 9
0 7 15 0 7
0 0 0 0 9
7 0 0 0 0
10 5 0 7 12
9 9 0 11 0
0 0 9 10 0
0 0 15 0 0
0 15 0 12 5
8 0 10 0 0
8 12 0 0 0
0 0 0 5 0
9 7 0 6 5
14 6 0 8 0
9 0 0 0 0
0 0 15 13 0
0 5 0 0 0
0 9 0 8 0
4 6 0 0 0
0 0 5 7 13
0 5 9 0 5
6 4 10 0 7
15 6 0 0 10
12 0 4 5 0
15 0 0 13 15
0 5 0 6 0
5 0 13 15 0
0 0 0 10 11
0 7 0 0 0
0 8 0 0 0
7 0 0 0 0
0 4 0 13 0
13 14 11 15 7
0 0 14 6 0
0 9 15 0 0
0 0 7 0 0
14 0 7 0 0
0 0 14 0 0
0 8 7 0 0
0 11 0 10 0
6 11 4 0 0
0 0 4 15 0
8 0 0 15 0
0 0 10 4 0
25 25 25 25 25
36 21 21 37 34
1349

1
