100 4
359 368 374 316 343 310 380 397 398 341 361 371 385 398 314 359 308 376 312 316 379 322 317 398 305 327 328 377 393 351 343 365 330 352 354 330 306 316 363 321 375 366 332 318 363 325 389 350 306 376 359 392 330 305 386 331 375 361 304 331 345 336 307 341 315 334 369 390 322 385 346 308 363 336 327 336 370 305 302 340 312 354 363 385 327 381 306 361 310 366 358 386 388 324 342 375 350 376 399 325
8 5 4 10
9 13 12 7
4 14 9 9
15 9 9 9
7 15 4 7
15 11 8 5
10 10 8 7
12 11 5 7
5 11 11 6
4 5 13 9
9 6 11 8
14 14 7 15
9 8 5 7
8 6 9 13
15 6 13 15
10 9 11 11
8 7 6 15
12 9 5 7
7 9 11 5
15 5 13 13
5 8 14 13
15 15 10 14
7 13 6 8
10 10 5 5
9 11 9 5
10 4 10 11
11 4 10 14
6 12 15 9
7 8 11 8
5 8 7 12
12 15 11 14
4 15 15 7
12 10 13 13
7 6 7 4
10 10 13 9
15 6 9 14
7 10 13 8
13 7 4 11
4 12 8 9
12 6 9 7
5 12 12 9
6 7 5 6
11 14 4 5
6 15 11 13
13 4 6 13
6 14 13 4
10 5 14 5
14 5 7 4
4 5 4 7
7 11 6 9
14 10 8 6
8 7 9 12
14 4 12 11
10 12 7 5
10 12 7 11
7 14 6 14
6 14 7 6
14 11 7 9
15 13 4 12
11 14 12 12
8 4 10 11
12 5 8 8
12 15 13 14
13 7 4 13
13 9 15 14
15 9 13 14
6 12 8 11
13 9 11 14
13 15 11 15
9 5 10 4
12 4 7 9
14 11 11 9
15 7 15 11
6 7 7 5
15 5 15 8
9 14 9 9
4 13 9 9
7 8 7 9
6 13 13 14
13 10 14 10
7 13 15 13
15 8 12 4
10 5 4 9
15 7 8 5
9 7 11 11
7 15 9 11
15 9 15 12
14 4 9 12
5 14 7 8
15 4 10 9
12 13 4 12
15 10 15 14
8 11 10 11
14 12 15 14
9 8 9 7
13 9 4 8
13 10 7 9
8 11 8 7
11 4 12 15
5 13 10 12
25 25 25 25
24 23 39 32
798

1
