100 7
662 645 607 632 663 685 697 668 630 680 698 697 695 686 633 671 631 610 669 694 606 649 623 600 609 675 608 647 699 600 649 682 691 688 653 628 659 696 627 678 691 653 666 622 627 683 622 628 619 699 699 650 619 654 604 652 672 623 674 673 690 672 656 674 611 624 645 684 633 612 628 618 644 624 619 685 683 675 683 695 621 619 660 627 664 683 682 647 666 618 672 698 639 648 601 613 692 621 640 672
8 15 0 14 0 11 0
0 9 7 0 0 0 12
0 0 0 11 0 0 0
0 0 15 0 0 0 0
0 0 0 0 8 0 0
0 0 13 4 0 0 0
13 0 8 0 0 5 12
0 0 0 0 0 0 15
0 6 0 0 13 0 0
0 0 12 0 0 12 11
15 10 0 0 0 0 0
0 0 0 0 7 7 0
0 0 0 0 0 0 11
0 0 0 0 0 11 0
0 0 12 0 0 0 0
0 0 7 0 0 0 0
0 0 0 14 0 0 0
0 8 0 0 0 0 0
0 6 0 11 0 0 0
0 9 7 0 0 0 0
0 0 0 14 0 0 0
0 0 0 0 6 0 8
0 0 0 4 0 0 0
0 0 0 0 0 0 5
4 0 0 6 0 0 0
0 0 0 0 0 10 0
0 0 0 0 0 0 11
0 0 0 0 0 12 8
0 0 15 14 0 0 0
0 0 0 11 0 15 0
0 0 12 0 0 0 0
0 0 14 0 0 0 0
8 0 6 0 0 0 7
5 0 0 0 0 0 0
0 0 0 0 0 11 0
11 0 0 0 10 0 0
0 0 0 15 0 0 0
0 0 0 0 0 9 0
14 0 0 0 10 0 0
0 13 0 13 13 11 0
0 0 0 0 0 13 0
9 0 0 0 9 0 0
0 6 0 0 9 0 0
0 0 6 0 0 0 0
13 0 0 12 0 0 0
5 12 0 0 10 13 0
0 12 0 0 0 0 0
0 13 0 0 0 0 0
0 0 0 0 0 10 0
13 0 0 0 0 7 5
0 6 0 9 0 0 0
10 0 15 0 14 0 0
0 0 0 6 0 0 0
0 0 0 0 13 0 0
0 14 0 0 0 0 0
0 15 0 0 4 0 0
0 14 0 0 0 0 6
0 0 0 0 0 8 14
0 14 15 7 0 8 0
0 0 5 0 0 13 0
0 8 14 0 12 0 12
11 0 0 0 0 0 0
0 11 0 0 0 0 0
0 0 10 0 0 0 0
0 0 0 0 0 11 0
0 0 0 0 7 0 0
0 5 0 0 0 0 0
11 0 0 0 5 0 0
0 0 15 0 0 0 0
13 11 0 6 0 0 0
0 0 0 0 13 8 0
0 0 0 0 0 15 0
5 0 0 0 7 0 15
0 13 0 0 0 0 0
0 0 0 14 0 0 0
0 8 0 0 0 0 6
0 0 7 0 0 0 0
13 0 0 0 0 0 0
0 0 13 0 8 0 13
7 0 0 0 0 0 5
0 0 0 0 0 9 0
0 0 0 0 0 0 13
0 0 0 0 15 14 0
0 7 0 6 0 4 10
7 0 0 6 0 0 0
0 0 0 12 0 0 0
4 0 0 0 0 0 0
8 0 0 0 0 0 0
0 0 9 0 0 0 10
0 4 0 0 0 0 0
0 0 0 0 0 0 6
13 0 0 0 0 0 0
0 0 11 11 0 0 0
0 0 0 0 0 0 11
0 0 0 0 0 0 13
0 0 0 0 0 8 0
0 0 0 5 0 13 0
10 0 0 0 0 9 0
10 0 8 0 0 0 0
0 0 0 0 0 11 0
25 25 25 25 25 25 25
23 37 25 36 38 25 37
3582

1
