100 5
421 458 413 491 408 458 446 433 465 467 494 402 454 448 405 436 445 476 440 467 462 482 438 458 473 480 466 403 428 408 434 482 456 417 403 462 445 458 406 468 467 404 467 482 483 427 489 433 479 479 482 400 427 474 401 492 425 445 401 456 476 436 404 414 473 411 441 445 451 415 464 430 402 463 473 430 450 447 445 482 486 423 465 498 463 401 407 496 467 446 415 496 464 435 494 497 446 434 423 443
12 0 6 9 9
0 12 0 0 14
0 0 0 7 10
14 14 10 14 0
0 0 12 0 6
9 0 0 13 0
8 0 0 5 0
5 9 0 11 0
0 6 6 0 0
7 5 0 8 4
14 0 0 0 0
0 0 11 5 6
13 11 7 11 0
0 5 8 13 5
0 5 6 12 14
6 0 6 0 6
9 0 7 0 9
0 0 0 4 11
0 14 0 11 6
0 12 0 0 5
0 15 9 7 6
0 0 15 10 0
0 0 4 0 0
11 0 6 0 0
0 0 4 0 9
6 0 0 0 0
4 0 10 9 0
11 13 6 0 10
0 4 0 7 0
0 10 15 7 6
5 4 14 14 0
12 5 10 0 0
0 0 6 0 15
0 0 0 0 8
9 0 0 9 14
0 11 14 0 0
0 8 9 0 8
12 0 0 9 8
11 15 11 0 0
0 0 11 0 0
7 0 0 9 4
7 0 13 15 7
14 0 5 10 0
8 12 0 0 0
0 4 13 0 0
0 8 0 0 0
8 0 0 15 0
5 0 0 6 4
9 11 0 14 12
8 13 14 11 11
0 12 0 7 12
14 0 0 5 0
0 0 13 0 0
4 13 15 10 0
7 0 0 0 6
9 10 0 0 0
0 11 5 6 0
14 11 10 0 0
6 4 12 9 0
9 6 5 9 10
0 0 0 8 0
7 0 10 15 0
11 0 9 0 14
0 0 9 0 0
6 0 11 0 0
7 4 13 5 13
6 7 7 0 10
0 0 14 0 0
14 10 0 14 15
0 15 8 0 0
0 0 0 9 0
13 6 0 6 7
0 0 11 0 0
7 4 0 12 8
0 4 8 0 4
15 0 7 0 0
10 5 0 0 4
0 8 0 0 15
0 0 8 0 13
0 6 14 12 15
7 0 11 6 0
5 14 5 0 0
0 13 0 0 0
15 0 14 11 5
11 0 0 0 0
0 0 4 13 0
0 4 5 0 0
9 11 12 8 0
11 0 0 7 0
4 0 0 0 0
11 0 0 5 13
0 0 0 11 0
11 12 12 11 6
6 0 0 13 0
10 14 13 0 9
12 0 12 14 0
4 9 4 0 0
0 10 14 6 8
0 0 12 0 0
12 9 0 15 9
25 25 25 25 25
31 33 40 21 40
1524

1
