100 6
555 511 523 596 524 527 511 517 549 518 577 561 583 514 556 562 513 505 535 544 503 550 505 537 530 519 578 539 554 540 584 503 556 516 521 523 580 533 558 524 550 598 589 582 564 552 567 566 524 537 552 589 592 577 592 551 552 532 560 515 551 526 515 527 591 513 539 576 511 520 515 523 559 533 502 562 551 509 517 558 507 501 503 567 511 541 516 591 563 525 577 553 588 532 510 528 547 516 568 544
15 0 0 6 14 0
12 0 0 14 0 0
0 0 0 0 0 4
0 0 0 10 0 0
11 0 0 0 0 0
0 0 0 15 0 5
0 0 6 0 0 0
0 0 0 0 14 8
0 13 0 0 0 0
7 0 0 0 15 0
8 15 0 0 6 0
0 0 15 10 15 0
0 11 0 13 0 14
0 12 12 0 0 8
0 0 0 10 10 0
11 13 10 0 15 0
0 4 15 0 0 13
0 7 0 7 0 0
0 14 10 8 0 6
0 4 13 0 9 0
7 0 0 0 13 13
0 0 0 14 7 13
15 6 0 8 8 0
0 0 4 0 8 6
0 15 0 14 0 13
0 15 0 0 4 0
0 0 0 0 8 0
13 0 0 11 4 5
0 0 0 13 0 0
0 0 0 0 15 0
0 0 14 0 7 0
0 0 11 0 0 8
0 10 5 0 15 0
0 0 0 14 7 0
5 14 5 13 0 0
15 0 10 0 0 0
0 0 0 14 0 0
0 0 0 0 15 0
6 0 12 9 0 0
0 0 8 9 8 0
0 6 0 0 0 0
0 0 15 7 0 0
0 0 0 9 15 0
0 0 11 0 0 0
0 0 0 7 12 0
0 10 5 0 0 0
4 0 0 0 7 0
0 0 7 0 9 0
0 0 0 0 10 13
0 12 8 0 0 0
0 9 0 0 0 0
8 0 0 0 15 14
12 0 0 0 4 4
0 0 15 4 0 5
0 15 0 0 0 0
0 0 6 0 11 15
14 8 0 9 0 10
0 0 0 0 6 0
0 14 0 0 6 0
0 0 15 0 0 0
0 8 10 0 8 0
9 14 0 8 0 9
0 0 6 14 0 0
0 0 4 0 5 0
0 0 12 0 9 0
0 7 12 0 0 6
0 6 0 0 0 0
5 0 0 0 4 0
0 0 0 9 7 7
0 0 13 0 0 0
0 0 0 5 0 0
0 0 0 0 5 9
0 0 0 0 11 0
9 0 0 0 0 0
0 14 0 13 13 9
0 0 0 0 15 10
10 0 0 0 0 0
0 0 6 0 0 0
14 0 13 0 0 0
8 0 5 11 0 0
13 10 0 0 0 0
0 0 13 0 0 0
0 0 0 0 10 8
13 4 0 0 0 0
0 4 0 0 4 0
5 13 0 0 0 0
4 0 6 0 0 10
0 6 8 15 14 0
0 0 5 0 0 10
0 0 4 0 0 0
0 14 0 0 5 0
0 0 9 0 0 12
7 0 8 12 13 0
10 0 0 0 12 0
0 0 0 10 0 5
14 0 11 0 0 8
14 0 0 0 7 13
0 14 0 0 0 0
8 4 0 0 0 10
7 15 15 0 0 10
25 25 25 25 25 25
40 20 30 22 27 20
2138

1
