100 7
668 663 634 677 628 663 612 667 624 619 663 605 622 665 663 648 606 630 655 634 663 642 652 620 636 685 622 635 626 641 660 626 696 637 605 620 698 657 653 640 601 623 627 689 673 622 646 682 610 657 639 638 632 692 608 685 676 688 615 659 696 665 667 649 640 650 663 691 696 635 662 697 630 670 654 670 608 653 645 687 675 692 687 609 675 681 630 675 603 640 693 610 657 644 603 698 651 677 684 678
0 0 0 0 0 0 15
5 0 0 0 0 0 7
12 0 0 0 0 5 0
0 6 0 0 0 0 0
0 0 0 10 0 0 0
0 0 0 0 9 0 0
0 7 0 0 0 7 12
0 0 12 13 0 9 0
0 0 0 15 0 0 0
11 0 13 0 0 0 0
0 0 0 0 11 10 0
0 15 0 11 4 0 0
0 11 0 0 8 8 6
12 0 9 6 0 0 0
15 4 0 0 0 0 0
0 4 9 0 0 0 0
0 0 0 7 0 0 0
0 0 0 7 6 0 0
0 0 0 11 0 0 0
0 14 0 12 0 0 0
0 9 15 0 0 0 0
0 0 4 0 10 7 0
0 0 0 0 0 0 4
4 0 0 0 0 0 8
0 9 0 0 0 0 0
0 0 10 4 0 0 13
0 0 0 0 0 0 11
0 5 0 0 0 8 0
15 0 6 0 0 0 0
15 8 0 7 0 0 0
13 0 0 15 0 0 0
0 0 8 0 0 0 0
0 0 0 9 0 0 0
0 0 0 0 15 9 0
0 0 4 6 0 0 0
0 0 0 0 0 11 0
0 9 0 0 0 11 0
0 14 0 0 0 0 0
6 0 0 8 0 0 0
11 0 0 0 0 4 0
13 0 0 0 0 0 6
0 0 0 10 10 0 0
0 12 0 0 0 0 0
13 0 15 0 6 13 0
0 0 0 13 5 0 0
0 0 9 0 0 0 0
10 0 0 6 0 0 11
0 0 0 0 0 0 8
0 0 0 0 0 0 6
11 0 0 7 0 0 0
0 0 0 0 14 5 0
0 0 7 0 4 0 0
7 0 0 0 0 0 0
13 0 0 12 0 0 0
0 4 10 5 0 0 0
0 0 0 0 4 0 0
5 6 9 0 5 15 0
0 15 0 0 9 0 0
0 0 0 0 0 5 0
12 0 0 8 13 0 0
0 12 15 12 14 0 0
0 10 0 0 0 0 0
0 14 0 6 0 0 0
0 0 10 0 0 0 0
0 0 0 9 0 0 4
12 10 0 4 0 0 9
8 0 0 0 0 10 0
0 0 0 0 15 0 0
0 5 0 0 0 0 5
0 0 7 0 0 0 0
0 12 0 0 6 0 0
8 0 0 0 8 0 12
15 0 0 4 0 0 0
0 0 0 0 7 0 0
10 9 0 0 0 0 0
0 0 0 0 0 0 4
0 0 11 0 6 13 0
0 0 0 0 0 0 13
0 0 0 0 0 11 0
14 5 0 10 0 0 0
7 0 0 0 0 0 0
0 11 0 0 0 14 11
0 0 0 0 13 0 14
8 0 0 0 0 0 0
12 5 0 0 0 0 0
0 0 0 0 0 12 0
0 0 10 14 0 15 4
0 0 0 0 0 0 4
0 0 0 0 0 0 4
0 0 0 0 0 9 0
0 0 0 15 0 0 0
6 0 0 0 0 0 0
0 0 0 7 0 0 8
4 0 0 0 0 0 0
0 0 0 10 0 0 0
0 0 6 8 0 0 0
0 0 0 7 14 0 0
0 15 0 0 0 11 0
0 0 0 0 5 0 7
0 4 0 11 7 0 0
25 25 25 25 25 25 25
39 34 30 31 21 26 29
3426

1
