100 10
993 956 936 968 941 918 988 939 968 957 931 970 920 994 934 911 980 964 997 933 955 912 967 969 960 944 904 917 982 985 929 928 979 976 965 992 910 928 970 950 941 994 954 948 913 967 918 966 925 955 966 910 926 971 963 969 987 932 901 956 967 956 936 909 952 962 971 907 903 941 968 937 942 971 923 957 940 964 902 966 963 950 910 976 992 943 936 996 994 914 951 949 977 912 953 957 975 975 925 958
0 0 0 0 5 0 0 0 0 0
4 0 0 0 0 0 0 0 0 0
12 0 0 0 0 0 0 0 0 0
0 0 0 0 0 11 0 0 0 6
0 0 0 11 0 8 0 0 15 0
11 0 0 0 0 0 0 0 0 0
4 0 0 0 0 0 7 12 0 0
4 0 0 0 0 0 12 0 6 0
0 0 0 0 0 0 10 0 0 0
0 0 0 0 0 4 0 0 0 0
0 0 0 0 0 0 0 7 0 7
14 0 0 0 0 0 0 0 0 0
0 0 0 15 0 0 0 0 0 0
0 0 0 0 14 0 0 0 0 0
0 0 15 0 0 0 0 0 6 0
0 0 0 0 7 0 0 0 0 8
0 0 0 0 0 0 0 0 0 9
0 6 0 0 0 0 0 0 0 0
0 0 0 10 12 0 0 0 0 0
0 7 0 0 0 0 0 0 0 0
0 4 0 0 0 8 0 0 0 0
0 0 0 0 6 0 8 0 0 0
0 0 0 12 0 8 0 0 0 0
0 0 0 5 0 0 5 0 0 0
0 0 0 0 0 0 5 0 0 14
5 0 0 0 0 0 0 0 0 0
13 0 0 0 0 0 0 0 0 0
0 0 0 0 0 0 0 6 0 14
0 0 0 0 8 0 0 0 0 0
0 0 0 13 0 0 0 10 0 0
0 0 0 0 13 0 0 0 0 0
0 0 0 0 0 0 0 0 13 0
0 0 0 0 7 0 0 0 7 0
0 0 7 0 14 0 0 0 0 0
0 4 0 0 0 0 0 0 0 0
0 0 0 0 4 0 0 0 0 0
0 0 0 0 0 14 0 8 0 0
0 0 0 0 0 12 0 0 0 0
0 0 0 0 14 0 0 0 0 0
5 0 0 0 0 0 0 4 10 0
0 0 0 0 0 0 9 0 0 0
11 0 0 0 11 0 0 0 0 0
0 0 0 6 0 0 0 0 0 10
0 0 0 0 11 0 0 0 0 0
0 10 0 0 0 0 0 14 0 0
0 7 0 0 0 0 0 0 0 0
0 0 0 0 6 0 0 11 0 0
0 0 0 0 0 0 0 0 0 12
0 0 15 0 0 0 0 0 0 0
6 0 0 0 0 0 0 0 0 13
11 0 0 0 0 0 0 0 11 0
0 15 0 0 0 0 0 0 0 0
0 0 0 0 15 0 9 0 11 0
0 0 0 5 0 0 0 0 0 10
0 0 0 15 0 0 8 0 0 0
0 0 0 0 0 13 0 0 0 0
0 0 0 0 15 0 0 0 15 0
0 0 0 0 5 0 14 0 0 0
0 0 0 0 0 12 12 0 0 6
0 12 0 0 0 0 0 0 0 0
8 15 0 0 0 14 0 0 0 0
0 0 0 0 0 0 11 0 0 0
0 0 0 0 14 0 0 0 0 0
0 0 5 0 0 0 0 0 0 0
0 0 0 0 0 0 4 0 0 0
0 0 0 0 12 0 10 11 0 0
0 0 0 0 12 0 0 5 0 0
0 9 0 0 0 0 0 0 0 0
0 0 0 15 0 0 0 0 0 0
0 0 0 0 0 0 12 0 0 0
0 0 0 0 0 0 0 5 0 0
0 0 0 0 0 0 14 0 0 0
0 0 0 0 0 9 0 0 0 0
0 0 0 0 0 0 0 11 0 9
0 0 0 0 0 0 0 0 13 0
0 0 0 0 0 0 0 0 14 11
0 0 0 0 7 0 0 9 0 0
0 0 0 10 0 0 0 0 0 0
0 0 0 4 0 0 0 0 0 0
0 0 0 0 0 0 0 0 0 5
0 0 7 0 0 0 0 0 0 0
0 0 0 0 0 0 15 0 0 0
0 0 0 0 0 0 0 5 0 0
0 4 0 0 0 0 0 0 0 0
0 13 12 0 0 0 0 4 0 0
0 0 0 0 10 0 0 0 0 0
9 0 0 0 0 0 0 0 0 0
0 0 0 0 0 5 0 0 0 12
4 0 0 0 0 0 0 0 0 0
0 0 0 0 0 0 6 0 0 10
0 0 11 0 0 0 0 0 0 14
0 0 0 0 0 0 0 0 5 0
0 0 0 0 0 0 10 0 0 0
0 14 0 0 0 14 0 0 0 0
0 0 0 0 15 0 0 0 0 0
0 13 0 0 0 11 0 0 0 0
0 15 0 0 0 9 0 0 7 0
0 6 0 0 10 0 0 0 0 0
0 0 0 0 0 10 8 0 0 11
0 0 0 0 0 0 0 0 0 9
25 25 25 25 25 25 25 25 25 25
35 23 27 22 34 25 30 36 23 31
7145

1
