100 4
378 386 313 334 338 319 328 359 304 371 328 334 358 317 351 333 374 372 329 380 397 311 305 383 328 335 330 389 303 326 340 356 322 360 327 311 327 387 366 325 312 327 381 366 351 311 365 349 399 336 328 388 347 331 314 308 323 375 346 356 315 345 303 376 369 324 332 311 310 365 382 350 305 379 389 338 395 304 300 322 346 344 379 301 381 396 333 330 310 396 323 389 373 306 329 319 377 389 306 331
14 11 4 12
9 6 12 7
9 6 8 9
7 14 11 15
8 10 13 14
4 4 4 10
5 5 9 8
12 13 11 15
11 10 4 7
5 5 14 9
12 9 7 11
10 9 8 6
7 10 13 10
12 9 7 8
15 9 12 4
4 15 6 10
9 12 12 5
14 14 10 7
13 14 9 14
6 10 5 13
8 8 12 15
14 9 5 6
6 15 14 8
5 7 12 14
4 15 6 15
12 12 14 5
14 12 10 8
4 10 8 12
9 12 14 15
12 7 10 12
10 15 7 9
15 5 9 9
4 4 4 10
15 13 13 11
5 9 7 11
6 11 11 8
12 11 4 8
12 7 11 15
7 13 15 6
10 10 5 12
6 4 9 9
15 8 11 6
13 12 15 13
10 15 8 11
12 15 12 9
13 13 6 9
9 13 6 14
14 9 9 12
8 9 9 15
13 9 4 4
14 10 5 8
10 4 13 15
14 10 4 13
15 5 5 8
13 15 12 15
15 9 11 12
4 13 8 14
7 9 4 11
8 5 11 15
12 4 9 11
8 15 6 6
14 4 15 15
5 11 6 8
10 12 5 4
5 11 14 10
11 14 4 6
7 10 4 14
15 6 5 6
7 10 4 4
11 12 12 5
11 10 6 10
9 9 13 11
11 7 4 5
8 14 6 5
11 6 8 14
7 10 11 15
4 15 9 13
8 7 8 9
6 6 14 7
6 12 9 4
14 13 8 12
14 11 12 12
4 8 12 9
5 12 12 11
13 6 9 14
10 7 11 12
6 13 9 12
12 10 12 4
6 13 4 12
9 7 13 11
15 11 6 9
15 5 5 15
12 7 4 8
14 6 5 11
11 14 7 14
15 5 6 4
12 12 6 15
9 5 12 15
14 9 7 12
15 15 12 7
25 25 25 25
20 26 31 37
750

0
