100 10
984 914 997 901 932 969 912 937 919 936 959 904 950 968 953 907 941 901 909 912 933 908 982 974 954 954 932 972 925 979 935 981 913 907 963 909 909 964 913 908 986 930 963 996 983 996 982 908 991 935 921 935 914 938 990 932 949 996 992 972 944 931 950 974 938 990 934 968 923 998 986 995 989 918 927 956 970 953 964 922 946 941 920 948 978 913 923 920 909 936 939 962 919 917 946 943 948 980 949 907
0 0 0 5 0 0 0 0 0 0
0 0 10 0 0 0 0 0 0 0
0 14 0 0 0 0 0 0 0 0
0 11 0 0 0 0 0 0 0 0
0 0 0 0 0 0 0 0 0 15
0 0 0 15 0 0 0 9 0 0
15 0 0 0 0 0 0 0 0 0
0 0 11 0 0 0 0 0 0 0
0 8 0 0 0 0 0 0 0 0
12 0 0 0 0 0 0 0 0 0
11 0 0 0 0 0 0 0 0 0
0 0 6 0 0 0 0 0 0 0
4 0 0 0 0 0 0 0 0 0
0 0 0 10 0 0 0 0 0 0
0 10 0 0 0 0 0 0 0 0
0 0 0 0 0 12 0 0 0 0
0 0 0 0 0 0 0 0 11 0
0 0 0 0 0 0 14 0 0 0
0 0 0 0 0 0 0 0 0 5
0 0 0 0 0 0 0 0 0 14
0 0 0 0 0 0 6 0 0 0
0 0 9 4 0 0 0 0 0 0
0 0 0 0 0 0 13 0 0 0
0 0 0 0 0 0 0 10 5 0
0 0 0 0 0 0 0 0 15 0
0 0 0 0 15 0 0 0 0 6
5 0 0 0 0 15 0 0 0 0
0 0 0 0 4 0 0 0 0 0
0 0 0 0 0 0 11 0 0 13
0 0 0 0 0 0 11 0 0 0
0 0 0 0 0 0 0 0 0 15
0 0 0 0 0 4 0 0 0 0
0 13 0 0 0 0 0 0 0 0
0 0 0 0 0 0 14 0 0 6
0 0 0 0 0 11 0 0 0 0
0 0 0 0 6 12 0 0 0 0
9 0 0 0 0 0 0 0 0 0
0 0 0 0 0 0 0 0 11 0
8 0 0 0 0 0 0 0 0 0
0 0 0 0 0 0 0 0 5 0
0 13 0 13 0 0 0 0 0 10
0 0 0 0 0 0 0 15 0 0
0 8 0 0 0 0 0 0 0 0
0 0 0 0 0 0 10 0 0 0
7 0 0 0 0 0 0 0 0 0
0 0 0 0 0 0 0 0 11 0
0 0 0 0 0 0 13 0 0 0
0 0 0 11 0 0 0 0 12 0
0 0 0 0 0 0 0 0 13 0
0 8 0 0 0 0 0 0 0 0
0 0 6 0 0 0 0 0 0 0
5 0 0 0 0 0 0 0 0 11
0 0 0 0 0 0 0 0 13 0
0 0 15 0 0 0 0 0 5 0
0 0 0 0 0 15 0 0 0 0
0 0 0 0 0 0 0 0 15 0
0 0 0 0 15 0 0 0 0 0
0 0 0 0 14 0 0 0 11 0
0 0 0 10 0 0 0 0 0 0
5 0 13 0 0 0 0 0 0 0
0 0 0 0 6 0 0 0 0 0
0 14 0 0 4 0 0 0 0 0
12 0 0 0 15 0 0 0 0 0
0 0 0 0 8 0 13 0 0 0
0 0 0 0 7 0 0 0 0 0
14 0 0 0 0 0 0 10 0 0
15 0 0 0 14 0 0 0 0 0
10 0 15 0 6 0 0 0 4 0
7 0 0 0 0 0 0 0 0 0
0 0 0 0 0 13 0 0 0 0
11 0 0 0 0 0 0 0 0 0
0 0 10 0 9 0 0 0 0 0
0 0 0 8 0 0 0 0 0 0
12 10 0 6 11 0 0 0 0 0
0 0 0 0 0 0 0 0 15 0
0 5 0 0 12 0 0 0 0 0
0 0 0 0 0 0 0 0 0 5
0 0 0 0 7 5 0 0 0 0
0 0 0 0 0 13 0 0 0 0
0 0 0 0 0 0 0 0 0 7
0 0 0 0 0 10 0 9 0 0
13 0 0 0 0 0 0 0 0 0
0 0 0 0 5 0 0 0 0 0
0 0 0 0 0 15 0 0 0 0
0 0 0 0 0 0 0 0 8 0
0 0 0 0 0 6 10 0 6 0
0 12 10 0 0 12 0 0 0 0
0 11 0 0 0 11 0 0 0 0
0 6 0 0 0 0 0 0 0 0
0 0 12 0 0 0 0 0 0 0
0 0 0 0 0 0 0 8 0 14
0 0 7 0 0 0 0 0 0 0
0 4 0 0 0 0 0 0 0 0
0 0 10 0 0 0 0 0 0 0
0 0 0 0 0 0 10 0 0 0
0 0 0 0 0 0 0 0 8 0
0 0 0 0 0 0 0 0 0 4
0 0 0 9 9 0 0 0 0 0
12 0 0 10 0 0 0 0 13 0
0 0 15 0 0 0 0 0 0 0
25 25 25 25 25 25 25 25 25 25
20 39 28 20 40 23 23 39 37 33
7456

0
