100 4
314 382 316 302 361 305 399 344 392 356 357 395 301 370 377 318 383 339 310 347 375 306 307 305 320 309 325 385 366 319 357 324 398 363 335 363 392 374 339 346 309 350 384 307 359 318 310 342 388 370 369 362 376 305 365 375 388 350 304 304 320 379 351 301 380 397 346 385 323 380 327 377 337 364 398 348 375 318 382 336 321 328 396 304 396 336 393 328 329 332 398 386 327 367 354 334 317 381 387 339
6 8 4 12
12 6 4 11
6 9 6 12
8 10 6 12
11 13 14 5
10 8 8 11
15 12 5 9
14 14 6 4
8 6 10 12
13 7 13 4
7 9 15 9
8 9 7 11
7 8 15 15
11 8 14 15
10 13 8 4
10 4 4 7
15 6 10 15
7 14 13 15
7 6 10 10
13 14 6 10
12 5 11 15
8 9 10 14
4 6 6 11
15 11 12 9
14 15 13 9
8 13 6 10
12 9 15 14
9 8 11 7
9 6 8 7
14 11 13 8
11 13 15 4
15 11 10 6
8 10 10 10
6 6 10 12
5 4 6 9
14 7 14 4
5 9 8 10
4 10 6 6
6 5 9 9
12 9 6 10
15 9 12 15
12 4 8 5
10 5 15 7
14 15 15 4
10 9 10 4
13 14 12 11
13 6 5 9
9 15 13 10
6 13 13 10
9 6 12 6
11 14 11 13
7 12 14 11
12 14 10 5
15 4 13 14
4 5 8 4
14 15 13 8
14 15 4 9
7 10 14 9
12 9 12 5
12 14 4 9
5 4 12 13
13 14 9 5
15 4 4 10
11 8 4 10
5 14 13 7
9 11 14 15
10 9 4 9
9 5 8 6
6 11 8 9
11 10 10 7
15 13 15 7
8 10 8 15
4 14 13 8
8 6 12 9
11 6 10 8
15 6 14 7
8 12 6 15
10 7 13 13
14 10 12 15
9 13 11 15
12 10 14 4
10 9 13 14
9 13 9 6
4 15 9 10
9 13 15 13
4 5 11 13
6 9 15 7
15 5 4 10
12 13 13 15
4 14 7 14
14 12 12 11
9 10 15 9
11 8 13 6
15 4 6 8
10 9 12 5
4 10 11 8
11 12 11 9
15 15 4 5
4 5 8 15
11 14 4 15
25 25 25 25
37 26 22 24
753

1
