100 6
530 527 535 579 501 570 523 542 573 524 504 528 579 520 517 589 531 527 566 528 552 544 529 532 523 538 551 525 544 520 520 598 553 552 515 536 596 519 518 542 536 510 567 515 588 569 509 516 520 580 534 599 525 555 537 527 575 520 543 599 541 580 539 525 598 595 520 563 579 509 560 560 566 578 514 546 526 554 580 572 561 569 571 531 579 514 561 591 556 543 506 531 549 542 567 571 599 587 556 581
0 0 0 11 5 5
4 0 8 0 7 0
11 0 0 0 0 0
8 5 0 0 0 0
0 0 0 6 4 15
0 0 0 0 13 0
0 0 10 13 0 0
0 13 0 0 7 0
0 0 0 0 0 9
0 0 0 15 6 8
0 0 0 0 15 0
4 0 0 0 8 0
0 11 0 7 0 5
0 0 10 6 13 0
12 0 0 0 0 0
0 9 0 0 0 0
9 5 0 0 10 8
4 0 0 10 12 5
0 0 15 0 0 0
0 0 0 0 14 0
0 0 0 0 0 8
7 0 0 0 0 0
0 0 7 5 0 0
0 0 4 0 0 0
0 0 10 8 0 0
0 12 0 0 0 0
0 0 7 0 10 5
0 11 0 0 14 0
7 15 0 4 0 5
0 0 0 10 0 0
0 0 0 13 0 0
0 0 15 0 0 9
0 0 0 0 7 0
10 0 13 6 8 0
11 0 0 0 0 0
0 0 14 4 0 8
8 0 0 0 0 0
0 14 15 0 0 12
0 0 0 8 15 10
0 0 0 0 15 15
0 0 0 0 0 15
0 7 10 5 0 0
0 6 0 0 0 0
0 0 0 12 8 9
6 0 10 0 0 0
7 7 0 0 0 0
8 0 5 0 0 9
10 5 0 0 0 0
10 0 0 0 0 0
14 0 4 0 0 0
6 0 14 0 0 12
0 0 0 13 0 0
0 10 0 0 0 0
0 4 0 0 0 0
0 7 0 7 15 13
0 0 0 15 0 0
0 4 0 0 14 0
0 0 0 0 0 9
6 12 0 0 10 12
12 0 0 0 0 13
10 10 0 0 12 0
9 0 0 0 0 0
0 0 0 14 0 0
0 14 0 0 15 0
10 0 0 10 0 0
0 0 5 0 0 8
0 0 0 7 0 0
4 0 0 4 0 0
0 0 0 0 13 0
0 13 0 0 12 0
0 0 0 0 12 14
0 4 0 0 0 11
0 10 10 0 0 0
0 0 7 0 5 10
0 0 5 14 6 0
0 0 0 0 9 0
0 0 0 15 0 0
0 0 0 0 7 14
0 5 8 11 14 0
0 0 0 0 0 11
6 0 12 0 0 0
15 0 0 11 11 9
9 0 10 0 11 0
9 13 0 0 0 0
0 15 10 12 0 0
5 0 0 0 0 9
6 10 0 0 4 0
0 0 9 0 0 0
0 0 0 11 14 14
15 0 0 0 0 5
0 0 0 0 0 5
0 9 0 0 0 0
0 0 0 0 0 11
0 13 0 4 0 0
0 0 0 0 15 11
0 15 5 0 0 12
0 0 5 0 11 0
0 0 0 0 0 6
0 0 0 13 0 0
9 0 5 0 15 4
25 25 25 25 25 25
38 20 21 40 39 26
2440

1
