100 5
455 478 460 447 470 483 444 460 499 473 460 416 441 495 463 486 496 482 482 426 466 422 470 481 490 408 470 483 499 440 480 477 400 489 410 483 486 482 462 422 407 441 457 411 438 459 453 436 445 492 468 457 430 471 462 457 447 473 454 415 489 451 465 452 434 455 493 432 463 402 452 482 401 488 458 456 454 431 425 472 428 473 432 409 422 402 479 414 459 467 497 454 410 466 437 480 476 426 499 489
5 0 15 0 7
5 11 15 0 0
0 11 0 8 0
14 0 0 12 14
5 0 13 15 0
0 9 0 0 0
15 7 0 10 0
0 0 13 0 0
14 12 0 14 0
0 13 0 5 0
12 6 0 10 12
13 4 14 0 0
13 8 10 0 0
7 9 6 7 4
9 7 0 5 0
0 6 8 0 0
0 0 12 11 0
0 0 0 7 15
0 4 0 0 9
0 9 0 0 4
5 13 14 0 6
0 5 7 9 0
0 9 7 7 0
13 5 5 10 5
0 9 9 0 10
0 0 0 15 4
15 10 0 5 0
0 7 7 10 0
13 0 12 0 5
0 0 7 0 0
14 15 10 0 0
0 0 8 15 0
10 11 15 12 13
0 0 0 6 15
0 5 14 0 0
9 5 0 0 0
0 8 0 0 0
0 0 0 0 8
11 0 0 0 6
0 7 10 13 0
9 9 0 0 4
0 0 12 6 0
4 0 7 0 8
11 10 15 0 4
0 0 0 7 12
13 0 8 0 12
11 4 10 10 0
0 15 0 0 14
15 13 6 0 10
4 0 0 6 0
4 0 14 13 10
0 8 12 13 8
12 11 10 15 12
4 0 0 15 0
12 15 0 14 8
14 0 0 7 9
9 0 0 7 10
14 9 15 0 0
5 15 4 0 14
9 12 0 7 4
0 8 0 15 15
5 0 0 0 5
0 5 0 0 0
0 9 9 0 14
11 0 15 13 5
14 0 0 5 0
0 0 8 14 0
0 6 6 11 0
0 6 6 0 0
14 0 8 5 0
5 4 0 9 11
13 12 13 12 0
0 15 0 8 0
9 12 0 14 6
5 0 4 11 0
0 6 0 10 8
0 4 0 0 7
13 0 0 0 8
0 8 9 0 0
9 0 4 11 0
0 14 0 8 0
0 0 12 0 4
0 15 0 0 0
15 11 5 15 0
0 13 0 11 0
0 10 11 0 0
5 0 6 0 6
0 0 0 15 0
15 8 7 0 13
0 0 12 7 0
0 0 0 14 6
0 11 12 0 0
10 6 0 15 0
13 0 6 10 14
0 0 0 0 8
0 5 13 0 0
0 0 0 10 15
0 0 9 10 11
13 0 6 9 0
0 0 9 0 4
25 25 25 25 25
37 28 27 40 36
1274

1
