100 6
522 586 591 554 536 520 577 592 510 515 516 549 502 500 528 522 513 591 500 538 543 541 502 506 508 579 569 540 505 561 564 572 566 541 551 508 516 560 560 597 568 515 501 544 528 520 501 524 574 589 512 539 595 525 579 547 597 522 541 514 542 598 585 537 585 502 585 566 527 506 532 594 518 566 528 562 533 523 599 555 597 534 557 557 540 586 523 549 514 598 538 586 528 576 593 574 521 561 549 522
4 7 10 0 4 0
12 9 8 0 0 0
0 0 0 0 10 0
0 6 0 9 0 0
14 6 0 0 0 10
0 0 12 0 0 13
0 0 13 0 0 0
0 0 14 0 0 0
0 0 10 0 9 0
0 0 9 12 5 0
0 5 0 7 0 7
0 15 4 0 0 11
0 0 0 6 7 0
11 11 0 4 0 0
10 0 0 0 0 0
15 7 4 8 0 0
0 11 0 5 5 0
0 0 0 0 0 9
0 10 15 0 0 0
14 0 0 0 0 0
0 0 10 10 15 0
0 0 0 0 11 0
0 0 9 0 0 0
0 0 14 0 0 13
0 7 4 0 0 10
0 0 9 0 0 0
0 0 0 0 0 8
5 0 8 0 0 0
0 14 0 0 0 0
12 9 0 0 11 12
0 0 10 7 0 0
0 0 0 0 0 6
0 7 0 9 15 13
0 0 11 0 0 0
7 0 9 10 0 0
13 9 9 0 0 10
8 12 0 15 15 10
4 0 0 0 0 9
14 0 0 0 0 0
7 0 11 0 0 4
0 0 4 7 0 0
0 9 0 0 0 0
0 0 0 5 0 0
0 5 0 7 0 0
12 0 0 7 0 0
0 0 5 0 0 0
0 0 0 0 5 0
0 7 0 0 0 0
0 0 5 0 0 0
0 12 12 0 8 12
0 8 0 0 0 0
11 0 0 0 0 0
13 0 15 0 8 0
0 13 0 0 9 0
0 0 0 14 0 0
12 0 0 9 0 0
0 10 0 0 0 13
0 0 15 0 0 0
0 0 0 8 0 0
0 6 0 0 0 9
0 0 0 14 5 0
0 0 5 0 0 0
0 15 0 12 14 10
5 0 0 0 11 13
0 0 4 6 0 0
0 0 0 8 0 10
0 9 0 9 0 5
0 15 10 0 0 0
15 0 14 0 0 0
5 0 14 14 0 0
0 0 7 13 0 0
0 15 0 0 12 0
5 0 9 8 0 8
0 0 0 14 13 0
0 0 4 0 0 12
0 0 0 6 7 0
0 9 15 4 0 0
0 0 0 10 0 0
0 0 13 7 0 0
0 12 0 0 0 9
7 15 0 7 0 0
0 0 0 0 11 7
15 0 0 0 14 13
13 11 9 0 9 10
0 11 0 0 0 8
0 0 6 14 0 7
0 7 0 0 0 15
14 6 10 0 0 0
0 0 12 0 4 0
0 12 0 0 0 0
0 0 13 0 8 0
8 0 0 0 0 0
4 12 6 0 0 0
13 0 0 0 4 0
0 8 5 0 10 0
0 10 0 10 8 0
0 0 8 8 0 8
0 0 14 0 0 0
0 6 0 0 0 15
0 14 0 12 0 0
25 25 25 25 25 25
22 27 40 34 29 31
2218

1
