50 5
400 413 474 456 415 400 415 433 436 476 442 433 488 487 471 414 405 413 473 451 481 441 493 403 454 442 488 408 455 456 458 435 404 402 483 436 495 432 455 435 469 477 415 464 403 424 418 476 466 421
15 4 9 9 10
7 5 0 5 12
0 0 0 8 12
0 0 0 0 12
11 7 0 9 0
7 5 0 4 0
0 0 6 10 15
4 0 0 0 11
15 0 15 0 0
0 0 8 10 0
0 5 0 0 11
14 14 10 14 0
0 12 0 0 0
0 6 0 6 12
6 0 0 0 0
12 0 13 0 15
6 0 0 0 0
8 5 14 6 0
12 9 13 9 11
0 14 0 6 0
0 0 8 0 0
0 0 0 15 8
0 0 13 0 13
0 11 0 15 0
8 8 14 0 0
10 0 0 0 13
0 0 15 0 15
0 7 13 0 0
0 13 12 7 5
0 0 10 0 0
9 7 6 0 0
0 4 6 0 0
6 0 0 10 5
0 11 0 0 0
4 0 0 14 0
14 0 0 13 7
0 0 0 6 0
0 0 0 0 5
14 13 0 8 0
0 0 0 10 7
4 0 0 15 5
8 0 0 6 8
0 0 0 10 10
13 0 7 6 12
15 0 14 12 11
0 0 15 10 0
0 13 15 0 5
10 0 10 10 11
9 11 15 0 0
0 13 0 0 11
25 25 25 25 25
20 25 23 28 22
1187

1
