50 3
251 281 239 294 227 292 289 275 294 244 254 256 284 226 250 240 275 229 247 258 206 243 267 224 245 296 234 264 294 284 239 239 286 200 244 224 222 213 282 243 230 217 284 296 291 218 269 228 233 277
13 8 13
6 8 4
10 7 8
7 12 8
11 12 6
10 4 7
6 5 14
6 14 11
9 6 8
8 11 15
11 11 12
7 15 15
5 15 5
7 8 13
4 11 6
14 4 10
7 5 10
6 10 6
9 9 14
7 14 7
9 10 12
13 8 9
5 7 12
15 15 6
14 13 11
11 11 10
12 9 4
10 8 14
11 15 10
11 8 14
14 14 12
15 8 7
5 12 9
4 11 10
7 14 12
15 9 14
13 13 12
13 6 8
10 11 9
7 11 9
7 8 6
10 5 10
8 5 15
10 12 4
8 11 12
10 12 4
6 10 4
13 11 13
5 9 11
12 4 13
25 25 25
36 37 40
665

1
