50 3
260 274 239 215 268 299 277 225 292 235 277 242 296 280 230 218 283 279 252 211 209 207 207 256 213 221 264 238 230 214 214 224 234 232 282 247 247 251 264 215 274 201 282 222 285 258 286 231 220 250
12 7 13
4 7 13
6 4 7
14 10 14
9 4 10
6 12 11
7 12 14
12 15 12
14 12 14
9 5 8
15 8 15
12 14 4
5 6 13
12 6 6
9 6 12
5 12 8
5 15 15
11 4 10
14 10 11
6 4 5
12 5 10
8 14 7
5 6 6
8 10 4
9 10 14
5 14 10
8 5 6
12 12 5
5 5 12
7 7 5
12 15 10
11 7 14
8 14 9
11 7 11
8 10 7
7 13 11
8 8 10
13 14 13
11 5 14
4 15 6
7 12 10
4 4 13
14 11 10
13 7 11
4 6 8
7 13 9
6 11 9
10 9 15
13 10 8
12 10 15
25 25 25
32 27 22
504

0
