500 4
328 353 317 376 326 371 349 313 346 317 398 331 341 377 325 309 391 388 305 302 354 399 356 332 399 352 341 315 346 369 371 364 365 367 346 300 340 312 333 352 392 349 365 378 303 394 310 313 392 319 392 371 372 364 332 323 381 375 337 339 383 362 394 357 341 397 306 310 305 309 339 348 332 387 395 344 316 348 345 380 317 365 377 399 308 360 372 358 395 381 391 352 398 383 333 382 394 335 364 353 369 312 378 371 381 326 361 356 354 301 350 321 355 389 338 334 369 366 367 330 360 374 302 345 327 376 325 325 383 314 333 310 387 307 321 379 363 318 379 351 328 307 309 342 300 379 340 394 307 316 389 389 345 374 383 359 370 345 301 393 393 316 364 357 337 395 398 342 303 307 300 372 369 383 351 318 391 347 338 352 341 348 310 300 325 318 342 373 379 325 325 390 375 376 363 333 322 332 373 351 313 338 317 384 350 388 378 357 373 398 373 350 393 338 382 303 349 321 366 380 334 321 381 363 389 375 335 382 321 306 316 357 387 346 326 355 308 332 336 318 321 335 357 320 369 324 377 354 335 351 308 343 394 357 321 354 392 307 303 389 331 357 368 374 355 300 382 396 341 309 380 319 360 334 385 337 342 340 364 305 314 305 348 383 345 333 330 366 327 323 341 346 333 392 390 333 333 390 330 387 338 312 398 399 365 304 306 306 388 308 342 345 311 301 353 379 302 356 331 323 363 315 398 300 313 308 353 322 332 318 314 353 355 353 314 354 352 372 300 399 372 386 338 336 381 337 348 392 324 380 315 357 319 303 329 351 352 377 369 316 316 327 325 370 384 344 304 348 346 302 318 387 324 370 302 351 357 337 344 301 396 343 332 328 356 344 323 385 378 354 366 341 382 382 332 325 377 308 389 349 394 330 345 334 344 362 386 371 329 375 307 347 347 398 373 336 396 301 324 311 338 321 396 344 357 394 319 307 341 311 348 365 309 345 308 325 326 376 356 314 332 361 318 381 339 372 379 353 358 387 360 395 314 316 388 321 341 351 337 303 314 327 353 380 346 326 313 351 301 317 333 354 339 323 324 308 309 319 396 395 375 308 370 313 333 320 340 372 331 385 363 378 342 316 371 326 313 329 373 385
15 14 10 9
10 14 12 15
6 7 13 8
7 7 14 14
8 13 5 6
14 15 4 14
8 4 12 7
8 10 6 7
8 13 7 12
6 5 5 11
4 12 8 10
4 13 6 14
9 14 14 12
7 6 4 11
10 11 15 4
7 4 9 12
5 4 10 6
5 9 4 6
5 5 4 6
12 15 11 11
5 10 6 13
11 5 6 7
15 10 15 15
13 11 5 11
12 6 6 9
6 4 4 10
10 5 5 8
8 14 5 4
12 7 10 15
6 13 8 4
15 4 9 12
10 13 13 8
15 13 10 7
11 8 13 13
5 6 15 12
7 13 13 14
6 8 7 8
9 13 8 12
6 11 15 4
6 4 15 4
13 12 12 7
15 11 12 14
8 7 14 7
13 7 5 10
12 5 6 11
6 12 13 6
8 14 7 13
10 7 7 5
6 7 7 5
14 11 15 13
6 9 14 15
9 14 7 5
8 10 9 8
11 8 15 10
9 6 4 9
12 10 7 9
14 11 11 5
5 15 8 14
11 10 8 6
10 9 6 9
12 4 10 11
15 12 14 4
6 13 10 10
14 9 8 6
13 10 9 11
14 4 9 9
11 15 6 10
13 5 14 4
11 5 8 13
14 5 14 4
14 8 9 10
10 12 7 14
8 13 7 15
7 8 12 6
10 5 14 9
7 8 15 5
13 11 11 4
8 5 11 15
12 4 13 8
14 4 10 4
5 13 15 14
10 8 4 10
8 14 7 14
12 7 9 8
6 12 15 9
13 13 14 15
10 12 11 4
13 11 11 8
6 5 15 6
9 13 9 15
14 4 9 9
5 15 12 9
6 10 8 9
14 14 9 10
7 12 5 6
7 15 9 10
6 5 5 13
11 13 11 15
14 6 4 7
13 10 9 12
13 4 10 15
13 11 10 7
15 8 9 10
5 10 4 11
9 13 12 10
12 10 6 9
14 4 4 14
7 10 14 14
4 14 6 11
8 4 12 14
6 4 9 5
9 6 8 13
7 13 12 9
12 15 15 9
9 10 9 15
9 10 9 5
5 8 14 9
9 12 15 15
5 8 15 5
13 10 13 6
4 13 5 6
7 4 4 11
11 5 4 7
6 14 13 7
6 11 4 13
14 6 15 6
10 12 6 4
7 14 4 12
4 5 7 9
14 13 15 7
4 11 11 5
7 14 10 6
6 9 11 15
10 11 4 7
11 9 6 9
13 15 7 9
11 10 7 10
15 14 11 9
8 13 8 5
14 11 12 12
5 12 15 7
5 8 15 6
15 13 4 4
6 15 12 8
10 15 7 10
8 12 4 6
7 8 6 14
4 11 15 8
15 10 4 10
15 10 6 4
13 14 10 9
10 15 10 9
4 11 13 15
12 13 14 8
10 7 5 7
10 12 11 6
4 9 6 15
9 7 11 8
11 15 14 12
5 8 12 8
4 8 12 11
15 11 13 9
15 14 5 9
15 4 5 15
12 8 13 5
5 13 12 9
13 8 10 13
15 13 4 10
12 5 11 9
9 5 5 12
8 13 14 5
14 9 15 13
12 7 6 6
13 15 15 5
9 13 8 5
12 10 10 5
15 10 8 9
10 7 15 5
4 12 12 8
9 10 11 6
10 14 11 9
8 9 11 11
12 10 7 14
5 15 4 11
13 8 7 7
10 13 5 12
14 15 4 8
11 11 12 12
12 6 6 10
5 15 12 11
11 11 11 6
9 12 11 14
15 13 10 11
9 11 9 9
8 11 12 7
9 8 14 5
13 13 10 14
6 5 15 10
12 13 4 12
15 13 8 4
15 10 6 6
4 13 6 13
14 14 10 4
13 10 9 4
5 5 7 15
6 7 6 6
13 10 6 4
5 14 9 4
6 8 4 6
6 11 12 14
6 6 9 7
4 15 9 13
4 8 13 14
10 10 6 13
9 4 9 14
10 4 8 14
5 10 6 13
14 10 15 6
13 6 9 12
15 5 14 12
14 12 12 4
4 12 8 9
12 14 6 14
14 13 8 6
15 12 6 13
6 5 7 15
8 6 6 15
13 10 9 9
11 8 8 8
5 15 7 8
10 8 4 12
6 15 13 4
8 10 7 4
13 15 4 7
6 10 12 4
9 8 8 4
12 12 10 6
6 6 7 13
11 6 6 4
12 9 15 9
12 12 5 13
8 10 14 9
10 10 7 12
13 14 9 6
15 12 9 6
14 5 12 4
15 4 6 7
9 7 10 7
15 6 8 12
5 5 6 13
6 6 7 6
4 4 11 6
10 13 4 4
5 4 10 13
11 7 11 12
10 9 15 4
9 8 13 13
13 12 15 7
5 14 13 5
7 6 14 7
8 5 5 8
11 11 13 4
9 5 9 14
6 15 8 7
15 11 14 9
13 8 4 12
11 11 8 7
4 4 14 15
5 14 11 6
4 6 5 14
15 4 12 15
5 6 11 4
15 9 12 6
11 15 15 10
9 8 15 7
4 7 11 9
5 6 10 11
12 10 11 13
12 10 5 6
7 4 15 11
15 12 4 10
5 14 7 11
13 4 8 13
12 9 13 5
12 7 6 14
15 13 9 15
12 5 6 7
12 15 15 8
5 7 5 11
6 14 8 9
5 9 6 9
6 4 5 15
10 8 8 10
14 5 5 7
15 12 9 7
12 13 9 11
15 14 11 11
6 6 15 6
7 6 6 12
12 7 5 8
12 9 10 9
7 13 6 5
13 15 5 12
11 12 13 9
4 9 6 13
13 6 6 9
5 15 14 8
13 14 11 14
4 6 10 10
12 5 12 5
15 11 5 12
14 11 13 12
12 8 10 5
15 6 11 10
10 13 11 11
9 9 14 7
4 4 6 9
12 9 7 15
11 14 7 5
15 14 10 10
8 8 15 15
9 6 12 14
10 6 6 12
8 12 10 6
15 5 4 11
15 13 15 7
11 9 7 13
8 6 5 14
10 15 14 4
5 14 7 15
5 4 14 6
15 11 11 7
13 15 7 14
5 13 8 13
14 13 7 11
8 9 12 4
4 7 5 10
5 15 15 6
4 5 6 7
12 11 5 6
14 4 15 4
10 6 7 6
11 9 4 11
7 12 5 4
8 11 10 11
4 15 12 12
9 7 8 14
13 6 4 15
10 14 8 7
10 6 6 13
12 4 7 13
5 4 7 6
12 15 7 5
6 4 6 12
14 9 15 4
12 14 9 6
6 8 11 9
10 15 11 13
12 8 6 6
14 4 6 6
7 15 6 14
7 4 14 9
9 15 11 15
15 6 6 7
4 6 10 5
12 12 5 12
8 9 15 8
11 12 14 9
9 15 14 9
7 5 14 13
4 9 9 4
9 14 9 7
14 12 11 7
6 13 12 5
6 9 9 9
14 12 7 9
6 11 15 14
6 6 15 8
10 7 15 12
6 14 9 12
10 7 12 15
15 6 8 8
12 13 12 11
9 12 14 12
14 11 14 9
9 8 6 4
15 14 7 10
10 6 6 12
14 9 11 13
11 15 13 14
4 14 8 4
15 4 13 5
14 12 9 11
10 13 6 14
11 8 11 10
14 6 4 14
5 12 11 14
10 4 8 5
8 6 13 15
8 8 6 12
8 4 14 6
11 10 7 7
6 11 13 12
12 7 7 6
11 14 8 12
4 14 11 15
7 11 8 8
12 5 8 13
14 13 15 8
7 12 9 9
9 6 8 4
6 11 7 12
8 9 7 13
10 15 4 10
9 8 11 11
7 9 6 12
7 10 14 15
13 9 4 14
10 5 12 14
14 8 5 4
9 12 10 15
10 9 13 4
6 9 8 4
13 10 10 13
10 15 6 13
7 7 12 5
11 12 9 10
14 13 15 15
8 7 6 4
6 11 4 4
10 10 9 8
14 7 12 13
9 8 7 9
5 5 10 10
7 11 12 9
5 5 11 7
15 10 4 7
8 9 12 10
13 7 4 9
7 4 10 14
12 13 5 7
5 15 12 5
10 10 15 9
11 14 12 6
4 6 7 8
10 15 5 10
12 12 12 9
10 9 9 10
13 15 12 11
8 9 4 14
8 10 8 4
4 8 10 7
9 5 6 4
11 5 12 12
9 10 5 11
13 6 6 4
5 8 13 14
11 7 5 5
9 5 9 13
13 13 9 5
13 9 15 9
7 8 7 5
6 7 8 11
7 12 7 8
9 10 14 14
12 10 11 7
9 5 8 12
12 6 9 10
4 12 5 5
14 10 15 7
6 13 15 13
8 13 6 10
15 12 5 5
5 8 10 14
13 12 8 9
15 4 6 13
6 4 5 6
9 13 9 12
9 11 7 13
4 15 6 6
5 10 13 9
13 15 14 12
7 8 5 8
12 6 13 11
12 12 13 14
14 11 12 7
15 5 9 11
7 8 11 4
10 4 6 12
8 6 15 4
5 12 7 6
9 11 12 10
8 4 14 8
7 14 12 4
8 7 8 12
6 14 9 13
14 6 4 9
14 5 9 10
10 5 11 5
5 5 9 12
25 25 25 25
22 24 30 20
610

0
