50 5
428 401 470 441 409 492 423 401 455 409 499 467 491 414 409 430 420 400 477 479 419 434 468 443 425 419 422 487 490 451 424 434 438 498 474 412 445 498 495 428 427 471 480 474 415 425 498 412 419 468
13 0 0 0 6
8 0 0 6 0
9 9 7 0 6
9 0 9 0 0
0 0 4 6 0
15 0 12 0 5
0 0 12 0 8
0 4 0 7 4
0 7 0 0 11
7 7 0 0 13
5 6 8 0 10
0 12 14 6 0
0 10 0 0 11
0 5 7 10 0
0 10 0 12 12
15 0 13 6 9
13 9 0 0 0
0 0 14 0 0
0 0 4 0 7
11 0 0 6 0
0 14 9 0 10
6 11 7 0 0
0 10 9 0 0
9 0 11 0 0
12 12 0 0 13
14 15 10 10 0
0 5 0 0 8
5 14 11 13 5
0 6 0 0 0
0 13 0 0 0
9 0 4 13 0
14 0 9 7 0
0 4 15 0 0
0 0 6 0 0
0 0 0 8 12
10 0 12 0 13
13 10 0 12 8
0 0 0 12 13
0 0 0 0 11
0 14 0 6 5
0 14 12 0 4
0 8 14 0 6
0 0 6 0 5
10 8 9 0 7
10 0 0 5 0
6 0 6 0 0
0 10 0 0 12
12 0 0 8 7
0 0 11 0 0
0 5 0 11 0
25 25 25 25 25
30 30 33 31 40
1744

1
