50 5
430 466 425 419 488 486 480 446 484 458 453 484 407 473 409 442 475 462 442 467 429 479 434 406 446 439 414 475 430 489 438 471 404 416 474 479 497 431 435 432 405 424 407 453 476 478 496 440 460 445
0 15 0 0 0
8 0 15 0 12
0 0 6 0 4
0 0 0 7 0
0 4 0 11 11
0 4 4 0 9
6 0 10 0 0
14 0 11 13 9
10 8 7 0 0
7 14 6 0 6
0 0 0 0 6
7 13 13 0 0
12 6 0 0 0
0 8 0 15 0
8 0 8 0 0
5 0 0 12 7
0 0 8 13 13
5 0 0 9 8
9 0 0 9 0
0 0 0 15 7
10 13 8 10 6
14 0 11 0 9
9 13 0 7 9
0 0 0 12 4
0 14 13 10 13
7 10 5 8 0
9 15 5 0 0
7 0 8 0 4
0 7 5 15 0
0 0 0 12 0
0 15 7 0 4
0 12 0 0 0
0 4 0 0 0
13 0 0 0 0
0 13 15 8 9
0 13 0 0 0
11 7 5 5 8
0 0 9 11 0
9 0 0 9 10
0 0 14 4 12
0 0 5 7 0
6 7 0 0 0
0 14 11 0 0
0 0 6 12 7
0 0 7 11 0
0 9 0 0 0
0 5 14 0 4
8 8 15 4 8
0 0 4 7 0
0 0 11 6 5
25 25 25 25 25
23 32 39 35 38
1568

0
