500 4
374 328 332 334 351 389 341 305 335 312 321 333 342 338 353 365 364 301 318 318 364 303 353 361 395 345 364 329 381 379 354 342 320 308 324 330 390 375 348 359 344 300 380 346 325 328 316 358 383 300 372 398 303 300 317 357 316 393 331 364 390 313 366 313 390 355 353 383 361 392 323 378 315 319 336 310 305 399 384 321 306 342 337 365 335 322 308 341 342 301 383 370 314 365 380 322 386 339 340 361 359 327 310 348 372 358 344 397 321 316 305 339 360 365 354 363 389 364 316 300 359 394 362 341 392 394 337 395 351 361 364 397 393 385 385 355 319 351 365 345 370 314 303 337 345 368 379 385 392 339 366 324 377 304 391 316 305 372 328 381 325 305 346 361 311 374 379 395 396 383 393 316 360 394 330 344 353 330 335 362 337 326 366 395 315 392 372 396 305 392 367 392 372 335 345 320 381 373 394 362 328 351 376 369 347 343 366 307 384 317 398 334 368 374 384 334 313 344 377 304 307 378 321 383 360 332 381 343 370 311 308 342 310 341 353 364 314 339 398 361 322 340 388 370 376 351 308 365 332 322 350 384 380 361 361 384 381 370 307 360 386 307 343 357 362 343 388 366 342 310 380 345 316 363 398 397 386 351 394 375 330 372 336 392 324 310 325 305 348 390 382 310 339 349 397 305 316 375 346 390 398 345 322 352 353 326 356 343 330 369 338 309 329 328 379 329 362 340 343 315 396 393 355 337 315 315 359 310 392 331 334 300 391 347 342 398 336 397 333 340 368 399 383 316 315 344 350 361 375 312 324 397 317 385 341 302 307 366 337 318 386 341 300 389 333 385 358 386 335 356 301 333 303 333 315 305 370 326 389 391 331 349 308 389 387 324 364 355 366 332 343 331 303 371 397 364 351 303 343 394 302 391 325 345 383 368 328 323 333 312 384 348 321 328 331 397 378 324 301 391 329 329 325 318 361 315 353 389 350 312 377 340 323 394 388 316 362 300 336 389 313 376 348 350 350 360 309 314 318 383 367 331 328 321 339 343 334 391 354 376 386 352 392 341 359 309 382 335 374 360 349 334 300 377 305 328 357 398 326 324 340 371 379 357 390 374 321 374 301 378 338 386 390 380 328 396 335 324 364 389
5 12 10 7
14 9 4 10
6 4 10 15
5 12 6 4
14 13 8 6
4 4 13 10
11 9 5 13
12 15 5 7
8 15 8 15
13 9 10 13
8 5 12 10
15 10 4 15
4 10 11 10
8 12 9 14
12 4 14 6
15 5 9 15
14 14 11 9
13 4 11 9
12 9 13 14
11 8 10 15
13 10 5 6
9 14 5 7
4 5 4 13
8 7 12 7
9 15 14 8
8 14 13 7
15 8 7 11
14 13 12 4
8 13 12 7
9 4 13 9
13 14 10 4
12 11 9 12
11 4 13 8
5 15 11 10
7 15 5 13
6 5 10 6
5 11 11 5
7 13 5 4
12 10 12 5
13 7 13 7
15 15 7 12
4 12 6 14
6 8 15 4
13 12 12 9
8 4 10 9
15 4 13 5
10 9 14 15
5 5 13 15
13 14 7 15
5 15 12 7
10 5 13 5
13 14 15 9
13 5 13 10
9 15 14 6
10 7 4 6
10 11 5 4
10 12 14 14
12 6 10 13
13 4 15 6
8 8 5 14
12 8 8 15
14 6 14 13
12 13 10 14
6 8 14 5
8 13 9 14
10 7 9 8
14 7 13 5
13 12 4 13
14 11 4 10
4 11 7 9
4 13 5 11
4 12 7 13
13 10 5 12
13 12 4 4
5 5 12 5
8 8 11 13
9 5 7 10
5 11 8 14
14 13 7 13
12 15 11 9
11 5 4 6
7 8 7 10
10 6 15 5
5 11 13 13
15 14 7 7
8 11 5 8
14 15 6 13
11 6 8 14
8 11 4 10
7 7 14 12
13 7 9 11
8 8 8 7
7 14 11 14
4 6 10 11
8 13 5 13
15 15 5 5
15 13 4 7
13 10 5 12
7 6 8 11
14 13 12 14
5 9 7 9
11 11 15 15
9 6 8 7
9 12 11 8
4 14 8 13
13 7 12 13
14 13 15 11
5 6 7 14
9 7 15 6
4 8 12 9
15 10 11 10
14 11 12 13
11 5 12 12
7 15 15 11
4 14 10 8
7 5 14 4
15 13 15 11
8 4 9 15
4 9 10 10
13 10 5 15
12 8 12 12
11 7 11 6
8 11 5 7
15 11 10 14
11 9 11 14
13 15 11 7
15 7 5 7
10 12 7 6
12 11 12 5
9 10 14 6
10 15 5 14
5 13 5 5
6 5 15 10
4 6 5 12
12 13 4 13
5 9 5 10
5 8 5 8
6 4 6 4
14 14 4 11
13 13 9 10
10 8 8 11
10 11 14 6
11 9 8 12
6 13 6 7
9 8 5 11
5 9 14 14
8 12 8 13
11 13 5 12
13 13 5 9
6 8 12 13
8 5 4 9
13 5 8 5
10 12 10 8
5 13 10 10
12 9 4 12
15 4 9 7
6 10 9 4
12 11 10 9
4 8 12 6
10 11 10 5
14 10 11 14
8 8 14 14
7 14 11 8
10 14 13 11
9 11 14 5
4 10 12 10
5 6 15 5
14 13 13 9
4 12 12 13
13 14 6 8
15 5 15 9
10 11 13 8
10 10 11 10
6 12 11 5
9 7 7 9
11 9 15 11
9 13 13 9
12 4 14 15
14 12 4 8
9 15 10 6
5 8 12 5
6 9 13 12
14 11 8 14
7 9 5 6
15 9 10 6
14 8 7 7
11 5 12 11
14 11 10 14
6 14 6 13
8 9 12 13
6 10 12 8
5 4 12 6
7 12 11 5
13 12 11 5
9 6 8 12
5 13 15 6
6 6 7 6
5 5 14 15
12 13 12 15
5 14 15 7
10 10 13 8
7 15 8 11
14 14 5 14
14 11 4 8
7 10 8 4
11 7 13 14
8 14 9 15
11 7 9 13
6 7 6 13
14 5 9 10
6 5 5 4
9 4 4 11
7 13 6 11
8 13 4 10
7 7 6 9
15 12 8 12
5 4 12 14
8 10 6 7
7 8 14 4
10 8 5 14
13 7 4 7
7 13 15 15
7 15 14 11
10 11 15 9
14 11 10 9
4 14 11 9
10 13 15 14
10 11 15 11
9 12 10 13
8 13 6 5
9 14 7 7
6 14 15 6
9 14 12 9
10 10 4 8
8 9 8 4
11 9 8 14
11 13 4 7
15 8 5 5
6 4 8 8
5 7 14 5
10 12 10 6
10 4 6 12
4 9 5 15
7 14 13 13
15 8 6 7
8 6 5 9
5 5 13 10
14 8 9 13
9 5 12 13
4 10 15 9
13 4 6 8
5 14 7 13
9 6 12 8
11 15 12 11
10 13 15 5
4 12 5 10
7 9 6 4
13 6 9 7
5 10 11 13
5 6 8 11
10 12 11 13
5 15 4 14
12 9 8 13
13 15 13 12
14 8 9 12
7 10 6 6
11 7 13 8
7 5 6 5
4 13 9 13
8 11 12 13
14 15 6 10
9 6 4 7
12 14 15 6
8 9 4 7
11 7 11 4
7 14 12 9
9 5 8 5
14 5 12 11
13 5 7 9
6 11 8 11
4 4 6 5
11 11 14 8
6 14 4 5
9 7 14 6
8 8 6 6
10 11 4 13
6 10 9 12
9 7 4 13
9 5 5 9
8 5 12 11
6 4 6 7
6 15 8 4
13 14 5 8
12 8 8 12
10 6 15 9
7 11 9 15
13 8 8 13
11 9 7 15
9 14 8 10
8 6 6 15
8 11 4 12
8 4 4 8
15 5 9 7
10 6 13 11
12 15 11 8
12 12 13 12
9 15 10 7
5 5 5 11
9 4 4 9
10 7 5 14
7 15 7 6
12 15 5 4
12 13 10 7
11 11 7 6
8 10 4 4
12 10 7 13
8 11 11 6
10 13 13 9
13 4 14 14
4 8 6 6
14 10 13 7
8 13 10 13
5 5 15 15
13 14 14 11
6 6 14 13
5 14 10 4
13 5 12 11
6 4 11 13
7 6 5 5
4 10 9 10
4 11 13 11
12 6 12 15
13 8 14 9
5 7 11 13
11 12 7 9
10 8 15 9
5 6 4 11
6 6 7 7
5 12 12 15
9 5 15 4
11 12 9 6
4 14 15 15
15 11 13 9
4 14 8 7
10 8 4 11
9 13 10 14
8 8 7 9
8 11 6 10
11 9 13 13
9 13 12 15
13 13 8 5
13 15 5 5
5 6 12 12
11 7 14 10
14 4 5 13
14 12 13 13
5 8 5 4
4 11 10 15
10 6 11 7
11 12 11 9
10 14 4 10
7 12 13 10
9 6 4 13
5 8 5 9
13 10 5 5
13 4 11 8
9 6 14 6
4 12 12 5
9 10 8 13
9 9 12 8
11 8 12 14
11 11 4 6
15 7 5 6
12 8 4 11
13 9 9 14
14 10 13 15
6 13 12 9
10 4 8 12
7 5 11 13
7 10 12 4
15 4 5 9
6 7 14 15
4 7 12 15
15 8 15 14
10 15 13 6
4 11 15 8
9 5 10 8
4 7 11 12
14 4 6 5
13 9 7 7
9 13 12 5
14 13 13 6
11 9 5 9
9 9 11 13
5 12 14 9
13 12 7 9
6 6 6 14
7 10 13 9
12 5 15 12
11 14 6 7
15 9 14 8
15 10 15 8
15 6 9 7
15 7 15 10
13 4 7 12
6 15 15 8
5 5 7 5
7 13 12 14
9 4 10 5
12 10 11 15
11 15 13 10
15 10 7 9
10 9 12 15
8 15 13 8
13 8 11 14
12 7 6 9
5 7 15 15
11 13 7 12
6 11 13 6
9 12 11 5
5 9 9 8
4 13 7 14
14 10 11 13
7 5 5 14
7 5 4 14
12 12 11 6
6 7 5 7
10 13 15 14
14 9 10 9
6 15 6 12
14 7 15 13
9 10 7 11
11 9 9 10
15 5 15 5
5 5 5 14
13 14 8 13
9 7 11 8
6 4 12 12
4 7 7 14
9 14 13 14
5 9 6 15
4 14 8 5
6 7 5 5
13 9 4 12
6 9 12 12
5 5 15 8
15 6 11 12
11 8 8 6
5 8 12 10
4 5 8 14
9 8 6 6
4 12 9 9
10 13 5 13
9 12 13 14
5 13 4 15
11 15 15 7
4 15 9 13
9 4 13 13
6 4 6 8
9 13 13 10
15 9 7 7
4 10 12 13
9 14 12 11
5 12 9 14
4 12 15 10
13 6 14 4
5 11 7 10
9 10 6 13
7 4 9 14
13 12 7 13
4 7 9 13
5 8 12 13
15 13 4 7
7 15 11 9
10 13 7 10
6 10 7 13
9 6 6 14
11 4 10 14
12 11 10 7
15 7 11 13
12 12 6 10
7 7 4 10
13 15 12 8
13 9 12 14
5 15 8 4
4 8 9 13
14 14 11 15
12 14 11 15
7 15 12 6
13 11 9 9
15 7 9 10
11 7 14 4
7 11 14 14
7 11 12 8
7 12 4 4
14 12 10 14
12 5 14 11
13 9 7 9
7 15 10 13
15 4 15 11
25 25 25 25
37 35 38 22
842

1
