50 5
438 475 433 425 446 469 403 445 446 480 498 469 476 446 446 498 495 464 441 405 425 456 440 449 445 469 440 462 459 452 492 409 438 452 489 458 414 480 425 472 422 430 485 427 410 496 430 440 484 467
4 0 0 0 0
0 13 0 11 4
12 0 0 0 0
0 0 0 6 0
15 8 6 0 0
6 4 0 0 7
8 0 0 0 6
0 0 14 0 0
0 0 0 9 0
15 4 0 0 14
4 0 14 10 15
0 12 0 9 9
15 0 0 0 0
4 5 0 13 15
0 8 12 4 7
0 0 11 0 0
7 0 5 4 0
0 0 7 7 0
14 0 0 10 0
13 0 0 15 8
0 5 0 10 15
0 9 0 12 0
12 5 6 0 0
15 0 0 4 5
0 15 5 4 7
0 4 4 0 0
4 13 0 0 10
0 10 0 12 5
0 0 0 5 6
12 11 0 12 14
0 9 0 0 0
7 8 11 10 0
11 0 13 0 12
4 0 0 0 10
0 5 12 0 12
0 10 4 4 8
15 0 0 0 14
0 0 11 14 13
6 15 0 5 15
5 0 0 0 0
0 5 12 0 0
0 0 4 0 6
0 5 0 0 0
8 0 0 10 0
13 0 0 7 0
10 0 0 9 14
0 13 12 7 0
0 4 0 4 6
8 6 0 0 0
11 0 9 0 0
25 25 25 25 25
21 23 24 29 39
1445

1
