500 4
366 326 300 346 323 336 389 350 373 311 365 338 335 305 334 380 312 396 341 349 396 323 315 308 367 363 399 396 309 369 399 313 358 313 320 305 384 397 390 376 376 392 321 346 374 326 383 357 358 360 302 369 304 302 316 341 343 314 342 305 386 304 302 391 319 376 371 383 330 391 388 325 302 385 312 397 399 389 381 303 348 327 354 367 391 392 327 392 316 344 301 389 327 384 352 355 375 391 339 305 363 362 342 347 311 377 373 362 341 394 316 315 358 320 354 303 361 341 337 358 325 333 310 335 335 315 350 319 319 375 300 355 333 326 324 333 382 377 390 356 376 309 357 312 355 364 367 392 388 341 333 302 364 302 303 373 322 391 359 350 302 348 316 317 303 395 399 316 356 300 305 342 312 350 387 338 392 327 399 359 329 397 300 300 331 359 302 337 344 307 371 376 310 353 318 342 365 322 382 383 345 304 387 349 373 349 310 385 300 387 335 336 381 327 301 308 342 391 321 356 341 302 351 342 376 335 377 376 375 305 314 314 356 301 320 305 355 310 387 386 308 311 399 315 359 336 392 399 358 335 341 386 382 382 334 335 303 373 351 349 338 333 306 337 370 368 301 354 343 365 350 380 396 361 339 387 371 300 326 388 363 398 334 350 389 397 349 363 317 307 318 326 356 314 375 377 307 312 300 363 347 395 345 303 363 345 375 349 385 380 339 387 377 329 384 301 356 341 307 342 311 347 340 322 383 333 368 349 390 378 385 385 301 370 315 348 359 320 363 357 333 338 365 333 351 399 355 363 374 321 300 353 344 342 303 383 390 344 349 301 332 378 322 356 332 355 385 342 309 334 302 311 383 311 358 389 354 349 323 352 399 301 333 391 326 307 308 371 385 356 335 377 337 303 358 388 372 318 365 313 348 386 322 371 388 308 322 339 393 382 387 396 343 344 393 344 342 312 315 371 352 326 353 394 380 302 301 361 382 372 343 354 314 328 333 396 391 319 348 343 325 355 317 358 334 352 369 365 327 397 396 355 387 320 384 339 370 302 302 350 328 307 385 375 348 310 365 399 315 314 368 346 302 319 307 316 325 356 360 361 386 339 359 306 398 368 367 320 371 359 383 360 336 364 302 334 385 349 384 348
9 7 8 9
14 14 8 5
9 13 15 12
15 7 11 12
13 7 4 11
14 8 13 6
4 6 11 13
8 15 12 5
4 14 13 4
12 11 12 9
5 12 5 4
11 9 13 5
12 8 14 10
6 10 7 4
8 7 10 9
13 13 13 4
7 10 15 15
13 5 5 12
5 4 14 8
14 12 8 6
7 11 13 8
5 4 12 4
9 14 4 13
7 9 8 15
11 15 12 9
15 4 12 6
6 5 4 11
6 12 6 10
6 10 15 14
9 12 14 12
5 6 7 15
12 6 12 8
14 5 11 10
8 12 14 15
14 8 9 9
6 6 10 13
6 7 7 14
9 8 11 11
5 15 13 12
10 4 4 13
10 12 8 14
6 5 5 11
11 12 7 14
5 8 12 7
13 9 10 10
12 10 9 12
6 9 4 5
8 11 5 4
13 13 4 14
12 11 7 11
7 4 4 14
13 12 9 8
9 8 6 5
12 13 10 10
7 13 10 8
10 7 4 11
9 6 5 4
10 15 15 9
8 6 11 9
9 5 15 5
5 4 12 7
9 9 13 10
8 5 14 7
8 8 10 9
13 5 12 10
8 15 9 15
13 5 12 7
10 14 4 8
5 9 5 8
5 10 6 5
5 10 8 9
6 15 5 14
5 13 6 6
15 5 9 12
10 9 7 9
14 13 10 11
5 8 4 5
9 4 9 11
6 9 8 14
13 6 7 6
5 14 10 6
5 8 7 4
12 6 12 9
14 13 7 8
13 7 12 8
6 4 7 13
11 5 7 6
7 11 11 9
5 4 4 9
12 4 12 15
9 9 8 13
7 15 10 13
14 12 15 6
10 12 6 10
9 14 15 14
6 9 9 8
10 11 12 11
10 13 14 13
6 4 5 4
8 9 11 9
6 6 4 8
15 10 4 13
6 4 10 4
9 12 13 5
14 15 14 9
13 7 11 6
4 9 13 10
13 5 10 8
15 4 4 13
8 5 11 8
4 15 10 6
8 12 15 10
7 9 6 13
4 10 14 11
6 10 7 15
14 5 7 15
12 8 5 13
5 4 5 6
5 11 13 10
15 13 15 10
8 7 12 8
7 7 6 10
7 13 10 7
15 7 11 12
8 6 4 8
6 14 5 7
7 5 10 6
6 7 14 13
5 11 13 7
10 12 9 9
13 13 13 11
8 14 12 9
13 12 14 14
15 4 7 12
13 11 9 5
9 11 14 11
14 4 11 13
9 15 7 7
11 10 13 5
13 14 4 4
6 15 14 7
13 15 15 15
11 15 15 7
8 15 9 8
7 14 8 5
5 7 10 8
6 13 11 11
11 11 6 7
4 12 15 7
6 7 10 14
6 8 10 8
8 13 14 8
12 13 7 13
8 4 15 8
12 12 15 11
4 5 10 9
13 13 7 11
12 9 10 7
8 10 7 8
8 12 13 8
10 9 8 12
12 10 11 15
14 4 14 7
10 4 12 10
7 8 5 6
6 15 9 4
15 13 7 8
7 8 6 14
15 10 11 11
4 13 12 14
5 10 6 10
8 9 8 10
4 8 9 11
7 7 5 8
13 13 13 6
7 9 5 12
13 9 12 4
8 14 8 15
12 5 13 8
10 7 10 9
6 5 12 8
5 8 8 11
12 6 4 12
15 11 15 5
15 4 4 12
12 11 10 4
10 9 6 10
12 5 11 7
8 7 8 8
12 10 9 13
15 4 6 5
7 10 6 5
5 9 5 4
12 6 10 15
13 14 9 6
6 9 5 13
10 14 7 11
14 13 12 14
14 4 14 13
4 10 8 12
7 7 9 7
4 13 12 10
5 4 14 9
12 6 6 14
12 15 15 10
8 14 14 7
5 5 5 4
8 12 12 14
13 6 11 12
9 10 4 4
4 7 10 12
7 12 9 13
10 4 10 7
7 15 5 14
12 14 9 14
9 7 5 7
15 10 6 9
13 4 15 13
15 15 11 14
5 11 10 8
12 7 11 12
9 9 14 9
4 5 7 15
5 6 9 12
14 11 12 9
14 7 11 13
14 13 6 7
8 12 9 14
15 15 6 7
8 13 10 7
11 13 12 8
6 11 11 15
4 5 13 13
7 11 6 5
10 15 8 15
7 9 6 7
5 7 15 14
7 14 8 4
7 6 15 11
7 5 4 14
15 13 7 15
12 13 15 11
14 15 4 14
10 8 9 12
4 9 11 8
14 8 15 12
11 9 8 14
8 5 10 8
10 5 7 12
5 7 14 13
10 12 6 8
9 12 14 11
11 5 4 13
13 15 13 7
11 8 7 4
5 9 10 9
5 15 14 13
14 15 11 9
14 6 6 13
8 9 14 5
6 9 12 5
12 11 9 13
15 13 8 5
6 10 5 13
12 14 6 13
7 7 6 13
10 13 8 6
4 10 8 11
13 14 13 8
4 8 4 6
11 6 7 5
8 9 6 12
15 14 9 12
9 13 15 12
10 13 4 13
7 10 7 12
8 13 5 11
11 15 12 11
11 5 4 4
5 9 13 6
10 15 10 9
14 4 6 14
14 10 11 12
7 10 13 8
12 12 7 8
15 14 6 7
11 13 12 10
15 9 10 8
9 13 5 7
12 4 4 8
11 5 11 10
14 7 5 11
11 5 11 13
10 11 15 9
8 14 13 4
5 11 13 8
13 12 10 7
14 13 11 12
15 5 6 11
14 10 4 9
15 11 9 4
14 4 6 15
8 8 9 8
7 6 14 12
9 13 9 10
4 4 13 15
4 9 7 11
14 13 12 6
15 6 10 11
14 15 6 12
5 4 15 4
5 15 9 11
8 6 7 12
6 11 13 10
5 11 13 6
6 10 6 14
6 6 4 9
14 11 5 8
14 4 7 11
11 8 11 5
8 9 6 10
12 8 15 8
10 6 14 5
11 4 11 14
6 7 5 15
15 9 6 12
11 5 5 4
9 14 10 14
8 5 8 11
10 14 7 5
15 14 14 6
7 11 5 8
6 14 15 7
7 7 6 6
8 8 13 5
8 14 8 6
13 14 7 11
5 4 13 12
12 15 15 15
11 11 6 14
15 9 12 14
4 10 15 8
10 8 7 6
10 10 12 13
9 12 9 10
11 12 6 4
5 6 10 14
12 12 5 7
7 6 15 9
8 11 10 12
7 9 12 9
13 4 10 4
5 15 13 8
10 5 12 6
7 9 4 5
9 7 14 11
4 8 12 6
13 12 12 12
8 11 10 11
4 7 10 5
10 11 15 9
5 4 5 7
12 10 7 11
9 14 5 6
4 10 15 11
10 15 8 7
14 10 11 13
6 15 8 10
11 9 12 13
12 11 4 12
6 12 13 4
14 7 15 4
5 10 5 15
11 7 13 13
8 10 14 6
5 8 13 14
7 7 6 9
7 7 9 11
12 14 9 13
12 4 6 14
6 4 12 10
12 12 5 14
14 12 11 13
5 15 15 9
8 11 10 11
14 13 4 6
14 14 11 8
9 15 12 6
15 14 5 8
9 14 11 10
8 14 6 4
12 10 4 7
5 8 9 9
5 4 5 8
8 7 11 6
14 7 15 14
4 9 5 5
7 5 12 14
6 10 15 10
11 7 10 12
6 14 10 6
5 15 12 5
6 6 14 12
4 12 13 9
13 10 11 6
12 10 14 8
12 7 10 7
7 4 11 4
12 13 9 10
8 4 5 5
12 5 14 5
9 11 13 15
10 7 15 13
6 7 10 6
7 13 8 4
14 11 10 8
9 13 14 9
12 7 13 8
7 13 8 13
15 10 11 15
8 10 13 4
11 10 5 7
5 4 4 15
14 11 11 14
7 14 5 11
4 10 11 6
9 7 5 12
9 10 15 12
10 10 5 10
9 14 14 7
8 12 5 10
6 8 15 8
8 9 6 12
8 10 14 8
4 6 4 10
11 12 9 15
11 15 7 15
7 7 8 6
14 13 5 7
6 10 12 5
6 12 13 5
4 15 12 12
15 14 5 11
9 11 14 9
13 5 4 15
5 13 13 8
5 11 11 4
10 6 15 13
12 9 7 12
8 6 12 12
14 7 4 15
15 7 12 11
7 4 14 14
8 8 4 9
8 11 7 12
11 6 13 8
6 7 10 11
4 14 10 11
13 5 5 7
5 12 9 11
9 9 7 4
6 4 6 9
11 12 13 15
15 4 5 14
12 14 4 13
13 15 7 5
8 8 4 9
4 6 12 15
15 6 14 13
9 9 13 5
15 9 10 13
4 14 14 11
11 14 8 10
9 5 5 6
15 4 6 15
10 13 5 14
6 13 11 10
11 4 6 4
14 8 4 7
4 14 6 8
9 11 6 6
10 12 13 14
7 6 9 8
13 5 4 12
4 5 6 13
6 4 14 5
10 8 9 11
9 11 5 7
8 5 14 9
7 12 8 5
6 8 7 4
8 15 5 13
11 9 7 12
13 8 4 10
5 14 11 11
10 5 5 10
10 9 8 7
12 13 5 4
14 8 11 15
15 5 8 13
25 25 25 25
38 33 38 22
787

1
