50 3
275 203 284 299 263 278 200 212 230 222 216 272 232 243 288 284 297 232 271 297 286 255 247 252 238 202 231 293 265 279 217 266 261 253 271 276 226 258 257 265 252 229 212 253 205 237 253 258 256 277
13 10 7
13 5 11
14 6 14
13 13 14
5 5 5
7 10 15
14 14 15
10 14 5
10 12 9
8 5 4
7 9 10
7 11 6
10 14 8
15 12 4
9 14 12
14 15 13
10 12 11
8 6 14
11 5 7
6 4 9
6 10 4
10 5 5
4 4 11
12 8 10
7 10 13
12 6 10
15 12 4
9 8 7
12 7 8
15 6 4
9 12 13
5 10 8
15 6 14
5 14 14
4 15 14
12 9 12
11 6 11
5 5 14
14 8 12
7 14 6
12 6 6
8 15 10
13 4 15
14 8 6
15 8 12
5 15 5
11 5 14
6 11 12
13 14 8
15 11 10
25 25 25
25 31 26
427

1
