50 5
476 455 478 446 422 474 431 448 494 466 447 492 405 453 450 472 424 461 498 493 429 477 471 497 494 460 494 450 454 431 465 481 419 463 477 491 415 459 407 417 472 435 429 463 455 410 452 448 451 444
0 15 0 7 12
0 8 0 0 0
0 0 0 0 13
6 14 8 9 0
4 0 0 0 7
7 0 0 4 0
0 11 11 0 0
15 13 0 13 9
12 0 5 0 0
0 9 0 15 0
10 0 0 14 7
0 4 4 0 0
0 6 0 0 4
15 8 10 5 10
4 0 13 9 0
0 0 0 13 0
6 0 0 0 15
8 0 8 0 0
6 0 5 0 0
11 10 0 0 0
13 12 6 7 15
4 0 6 15 0
7 12 9 0 0
13 0 6 0 0
0 0 6 6 0
5 0 10 0 0
7 13 13 11 10
0 0 0 0 8
8 5 0 7 0
0 0 0 10 0
0 13 0 0 0
4 0 0 8 9
12 7 0 0 0
0 4 12 0 5
15 0 0 0 13
10 11 0 0 0
0 9 0 12 0
15 5 0 14 0
0 14 0 6 0
5 13 0 6 9
5 12 8 0 0
0 6 0 4 0
6 10 14 15 11
8 5 0 0 12
0 10 4 6 4
0 0 0 4 6
0 0 0 5 0
0 0 11 0 15
0 0 0 0 11
5 6 15 15 11
25 25 25 25 25
37 22 35 23 39
1435

1
