500 4
344 352 392 319 372 392 337 339 353 328 370 338 345 399 369 322 327 302 348 360 328 360 387 330 381 351 394 321 374 326 352 357 393 322 367 379 376 385 306 300 366 319 373 328 348 348 399 314 365 340 335 396 311 369 397 331 329 390 335 355 350 381 348 385 348 311 302 311 367 337 322 342 360 391 336 396 335 381 311 300 373 382 311 397 395 356 338 346 396 379 382 317 381 338 354 321 335 375 367 339 369 300 314 357 305 394 316 340 394 347 339 315 397 325 371 328 376 349 304 381 323 390 339 373 382 357 324 313 328 350 324 355 391 342 393 359 328 337 336 338 398 353 384 335 387 328 313 370 319 350 372 313 382 302 363 353 361 355 359 376 389 344 356 339 340 304 369 399 312 368 372 340 330 355 365 334 332 337 308 385 300 353 313 341 373 336 344 308 331 382 382 358 387 356 359 331 321 341 362 363 331 335 324 352 327 357 396 394 312 366 388 323 350 313 373 342 360 368 300 353 340 388 390 392 350 379 398 315 321 385 314 399 351 353 324 304 324 372 338 379 399 312 338 310 357 371 396 375 399 366 382 386 358 397 399 306 318 333 395 391 396 361 379 325 334 380 328 390 369 347 331 362 389 331 368 336 382 313 372 354 362 310 366 306 335 383 312 323 359 326 332 311 399 380 325 314 350 310 385 313 379 370 326 334 330 382 392 375 308 393 311 387 360 371 356 320 343 364 306 371 372 305 304 355 389 358 362 312 348 379 393 333 349 374 388 396 385 343 317 393 311 330 313 395 307 338 312 318 309 320 317 332 355 335 331 367 335 387 372 335 388 337 398 377 392 314 372 335 332 396 315 301 372 321 304 377 325 347 302 303 389 345 336 391 311 305 301 339 328 380 383 390 318 366 363 367 359 358 364 300 358 382 378 338 358 301 354 322 352 354 363 367 312 381 336 343 311 364 346 303 357 340 337 394 370 387 380 330 366 306 361 339 382 365 330 366 394 382 383 398 386 311 358 365 325 315 389 377 313 307 398 315 301 391 340 342 303 308 358 394 310 355 318 303 381 336 320 320 339 308 396 356 384 357 367 379 357 323 358 396 367 360 302 348 340 318 320 343 323 393 355 371 343 392 369 356 336 356 339 372
7 15 12 4
4 13 10 4
14 7 15 12
15 15 7 12
10 10 15 4
10 8 5 14
8 7 11 13
8 8 7 15
12 9 4 4
4 8 12 4
10 9 15 5
7 7 10 14
15 12 8 4
13 8 10 4
8 5 8 10
15 9 6 7
5 6 12 8
9 12 5 5
11 15 6 14
4 5 4 12
6 11 14 4
13 13 15 14
14 5 9 15
7 8 15 8
12 9 6 8
4 11 5 5
9 14 5 7
15 14 9 14
13 9 10 12
14 5 7 9
5 8 9 12
8 14 12 8
12 13 4 4
7 4 8 9
9 11 6 4
15 4 13 5
10 13 13 12
8 7 10 15
13 4 12 14
11 13 12 5
6 4 5 4
12 15 7 6
5 10 11 13
4 8 12 8
8 7 15 9
11 15 4 10
14 14 11 7
10 14 14 10
12 5 9 9
14 4 9 7
11 4 11 15
6 11 11 10
7 15 9 9
11 13 13 9
12 7 12 5
11 10 4 6
12 4 12 14
12 15 5 4
6 8 10 8
9 4 4 9
11 9 6 14
13 9 9 8
15 6 12 10
13 12 6 7
4 10 10 6
5 12 13 5
10 6 4 14
13 11 5 8
4 14 13 7
15 12 9 7
8 7 4 4
11 4 10 12
10 5 12 7
10 12 4 14
7 5 5 12
15 8 5 4
14 12 8 12
15 4 11 14
13 14 15 14
15 10 9 14
5 15 4 12
4 9 14 15
13 8 13 6
9 15 12 15
14 9 6 9
8 15 9 9
12 11 8 8
8 14 12 11
13 6 12 5
7 5 12 12
12 12 5 8
13 8 14 14
6 8 8 14
6 11 10 5
4 10 5 14
7 8 5 12
6 4 10 10
8 7 12 6
4 6 11 15
14 11 15 10
8 8 8 7
5 10 10 12
13 12 14 13
14 13 6 10
12 4 8 8
5 7 8 4
6 11 13 5
8 13 7 13
7 7 7 13
9 7 5 4
7 11 13 7
10 7 14 8
11 10 13 9
8 13 6 5
4 5 5 11
15 8 14 13
11 4 10 14
6 6 11 12
10 9 15 10
12 4 5 14
4 14 13 15
8 9 8 7
4 6 5 14
11 10 5 9
12 8 4 8
13 12 8 12
15 4 5 4
7 11 7 12
10 13 9 9
9 7 5 5
9 5 12 5
12 14 15 13
14 9 8 14
12 15 9 4
4 6 9 7
7 7 12 10
8 9 15 14
15 11 13 15
15 14 11 8
10 12 15 9
5 8 4 11
13 12 4 8
11 14 5 14
8 10 12 12
12 4 12 8
14 14 8 6
6 13 12 7
6 4 11 14
14 14 11 10
15 4 7 4
14 4 4 9
6 12 8 10
9 8 13 7
11 11 10 8
11 6 8 10
15 6 14 10
15 14 14 4
6 14 9 5
11 13 14 4
9 7 7 9
15 15 13 9
8 10 4 14
12 13 8 9
12 10 5 6
10 12 7 14
10 14 14 9
9 11 15 4
13 8 8 11
14 8 12 7
11 6 4 9
14 11 10 9
15 5 14 11
6 8 7 12
15 8 14 14
8 4 11 11
7 12 5 6
15 15 6 14
15 13 8 4
14 6 4 12
7 9 10 12
10 14 15 7
5 8 9 7
12 14 6 11
13 5 9 13
8 4 7 12
8 11 14 7
7 4 9 12
5 4 6 13
5 6 6 6
9 6 12 8
14 15 5 7
13 13 12 8
11 15 11 7
14 14 4 6
9 12 5 7
11 9 4 6
12 12 7 4
9 14 13 13
4 6 6 10
6 15 6 11
11 13 10 10
13 15 13 13
12 14 4 15
10 8 14 15
4 9 4 15
15 13 14 10
8 15 11 10
12 15 12 14
8 12 9 9
5 11 5 4
4 14 11 7
15 5 15 8
5 15 4 14
6 14 9 7
4 6 11 6
7 5 4 13
6 14 11 4
6 5 13 11
5 8 8 7
12 8 15 6
12 8 4 6
6 4 4 13
14 11 14 15
11 10 8 9
9 14 7 7
5 4 7 15
12 8 8 12
7 9 14 11
4 15 10 13
15 13 10 14
5 15 8 7
8 12 11 8
9 12 7 15
12 14 5 7
15 15 8 4
7 9 5 5
8 4 11 12
9 12 11 4
9 8 9 11
7 12 12 8
14 12 14 10
5 6 13 14
4 11 15 13
12 6 6 11
14 7 4 12
12 9 15 10
10 4 9 8
11 11 13 8
13 14 4 10
7 9 9 6
14 6 13 5
6 6 15 9
5 8 15 15
5 4 15 4
5 13 13 9
7 4 6 8
4 14 14 13
14 9 4 14
4 7 14 6
6 4 6 11
14 8 10 15
10 6 5 10
4 5 15 13
9 7 13 12
13 5 6 9
14 15 10 14
12 10 14 11
10 8 13 9
11 5 8 11
13 13 15 12
13 15 5 10
12 8 15 8
7 5 9 13
15 4 7 11
6 15 9 4
4 6 11 7
13 13 13 15
13 15 15 14
15 11 10 7
4 15 13 9
10 12 4 5
6 7 15 15
4 10 4 13
10 10 8 13
13 10 5 15
10 7 15 13
13 10 14 9
9 12 13 13
6 5 10 10
5 11 15 15
11 11 5 6
10 5 4 12
13 10 5 8
4 5 6 11
13 10 9 14
8 4 13 10
11 15 11 14
6 14 9 4
8 7 6 12
15 5 15 15
7 4 15 4
7 5 8 10
10 9 11 11
15 5 12 10
14 4 7 10
12 7 15 9
13 4 6 13
9 12 10 13
6 8 13 13
7 7 13 5
9 9 13 13
4 9 14 15
5 8 14 11
7 14 12 14
12 12 8 11
4 4 11 8
10 15 13 5
9 15 10 8
12 8 9 15
10 7 11 4
6 9 8 8
15 8 7 7
8 10 14 13
4 15 8 15
7 15 5 14
7 9 9 15
8 9 5 5
12 10 15 13
15 8 5 5
4 7 10 8
13 6 12 11
10 12 12 10
14 5 8 15
7 6 8 6
6 12 7 11
12 4 6 15
14 14 10 10
14 13 9 9
7 8 8 13
4 15 11 14
9 14 14 8
12 12 13 5
9 13 5 13
9 9 5 4
6 10 5 11
13 4 14 6
10 12 11 11
4 12 5 13
14 9 15 5
14 13 10 5
13 8 14 7
12 7 6 5
7 7 8 8
10 6 6 12
15 10 6 9
9 8 14 13
15 13 4 7
9 4 10 4
9 14 6 9
7 11 11 7
14 15 10 13
11 14 14 9
8 7 7 7
11 13 10 8
10 4 15 8
9 9 13 8
12 13 9 8
7 10 15 5
13 13 7 15
14 8 12 15
7 9 8 10
14 5 6 12
10 10 10 9
6 4 11 4
15 15 12 6
13 10 6 10
9 9 7 12
10 8 10 13
11 6 4 4
6 7 8 8
7 5 7 7
9 13 13 12
15 7 5 5
8 9 8 12
7 8 6 6
11 7 11 7
8 5 11 7
11 14 10 8
9 14 8 13
8 5 9 8
9 12 6 12
4 10 9 7
10 8 9 8
13 11 7 9
14 6 5 10
9 12 15 12
5 10 4 7
5 6 5 12
7 4 6 7
13 5 10 9
10 7 10 6
12 14 14 15
5 9 15 9
13 12 15 8
5 7 11 5
15 14 11 12
7 15 4 14
7 10 5 7
11 15 11 4
13 10 8 10
9 10 7 4
14 11 10 9
7 11 9 15
14 11 9 13
8 7 14 9
10 5 8 10
9 10 7 14
10 5 10 8
14 13 7 12
15 11 8 9
13 9 7 9
10 7 14 9
14 5 7 12
6 11 6 8
4 15 9 5
5 14 14 7
5 7 9 7
14 5 13 14
13 13 15 8
11 5 10 6
13 6 8 4
8 6 6 11
12 6 7 11
5 9 6 14
5 10 15 14
10 6 5 7
14 11 7 14
9 13 13 15
9 12 7 15
10 4 14 10
14 11 5 14
6 10 13 5
13 12 8 10
12 5 9 12
8 7 13 13
13 12 8 4
10 9 13 11
14 12 5 5
8 14 13 4
8 6 11 8
11 4 4 10
10 14 12 9
7 13 15 8
5 4 5 13
13 8 11 11
11 14 12 4
8 12 4 15
11 11 8 7
14 6 15 14
5 12 13 6
15 14 8 7
7 7 6 14
8 5 12 11
13 6 5 11
9 15 7 14
11 11 12 10
10 14 9 14
10 6 14 7
13 4 4 6
6 11 13 15
9 4 8 7
12 12 14 10
15 13 4 9
8 8 11 9
4 12 15 14
7 5 14 9
15 13 11 5
6 10 12 5
7 5 15 7
12 4 5 6
14 13 5 5
7 4 13 13
14 8 7 6
10 10 14 14
15 8 6 4
15 11 6 6
14 13 13 7
10 15 4 5
14 15 5 4
14 14 15 8
14 15 15 11
10 6 4 12
8 5 11 12
13 10 7 4
6 10 10 8
8 7 6 9
4 11 4 11
15 10 4 4
6 11 10 11
7 11 9 9
25 25 25 25
35 21 21 36
745

1
