500 4
317 375 337 335 334 343 378 342 358 352 342 375 364 310 347 301 394 331 354 345 316 328 314 325 304 356 365 337 325 371 301 336 357 301 382 327 369 315 372 363 326 329 336 381 390 307 392 355 398 338 321 375 306 394 320 316 349 365 317 300 332 359 372 336 386 374 329 327 395 369 343 303 306 320 302 367 380 324 335 334 395 337 361 310 320 397 305 315 378 391 361 314 336 389 379 351 390 352 382 314 323 342 387 379 303 375 394 309 380 399 335 350 399 355 392 366 367 384 309 380 397 363 351 322 310 360 334 384 338 360 309 348 365 305 368 302 321 324 318 320 340 314 349 333 316 373 320 386 330 372 303 383 375 354 382 324 321 348 372 383 394 341 323 377 330 386 317 357 356 339 329 342 316 381 393 394 368 320 380 304 317 312 365 351 360 399 390 332 342 373 310 305 381 393 354 357 341 302 371 388 316 326 304 329 335 366 362 327 309 377 300 399 361 392 336 309 376 352 324 326 364 380 395 338 381 314 316 336 303 323 338 358 365 387 349 379 373 307 381 376 360 351 376 320 317 332 359 324 302 391 374 397 312 304 337 353 389 329 324 338 303 319 361 347 394 347 381 381 359 356 353 314 393 352 353 357 302 317 328 389 360 322 326 319 373 326 317 315 352 358 358 375 341 330 321 308 369 362 333 352 384 347 396 309 372 342 349 335 387 330 324 379 361 361 310 379 311 300 374 359 308 328 314 323 346 358 358 361 397 364 388 326 385 378 387 304 317 342 370 398 341 359 362 363 312 334 300 377 367 352 338 302 327 393 320 379 333 357 399 389 381 384 306 353 344 348 381 359 392 399 355 318 359 313 331 380 366 339 387 377 364 341 362 343 374 347 369 321 395 334 365 332 390 311 343 387 348 389 380 387 344 372 388 399 361 366 395 323 332 393 395 348 327 356 333 355 349 347 387 366 367 330 363 348 369 325 339 398 327 394 305 396 311 324 329 353 308 304 361 387 356 380 305 384 351 380 301 334 388 324 308 366 301 391 318 322 344 314 355 305 393 306 347 345 356 340 390 313 399 391 398 373 367 380 339 326 364 321 307 311 391 360 323 353 346 303 346 348 352 382 397 387 314 365 315 391 354 328 384 377
11 13 5 12
7 5 15 7
15 10 11 6
11 4 9 5
6 6 9 6
14 8 12 13
6 14 5 11
7 14 5 7
6 10 7 15
15 7 8 7
5 10 15 5
7 11 5 11
15 8 6 11
7 10 14 6
10 15 9 4
11 12 7 5
6 13 15 14
12 7 12 4
15 9 6 4
11 11 13 9
14 12 14 4
8 9 12 7
11 11 8 9
4 8 8 15
4 14 7 10
7 10 15 9
7 13 5 15
13 10 8 11
6 14 6 10
7 6 12 8
14 12 6 6
14 14 12 5
14 9 14 5
14 11 13 10
4 4 11 6
12 8 10 13
11 6 4 7
7 14 12 5
13 8 11 7
5 10 4 7
14 10 12 4
7 5 6 11
14 9 12 10
7 15 15 15
10 12 6 12
12 12 11 6
6 14 4 5
10 9 6 9
7 5 13 8
8 10 14 5
5 12 11 9
12 8 15 13
5 5 7 10
10 4 12 7
15 6 7 11
7 5 8 11
4 15 14 15
15 9 5 14
13 9 7 5
10 4 6 8
9 11 10 12
14 10 5 13
6 4 6 8
14 12 9 6
11 14 5 11
7 10 8 12
6 4 5 13
14 9 4 6
11 8 5 6
14 6 13 14
10 12 12 14
10 9 5 13
8 4 4 15
8 13 10 13
5 13 14 5
6 9 6 5
10 11 8 8
4 8 9 8
15 6 4 12
7 7 12 11
13 8 5 15
14 15 11 11
8 12 11 13
7 7 10 8
5 8 13 14
11 9 7 14
13 7 8 10
5 8 6 6
15 14 6 7
13 14 6 9
13 14 14 5
10 15 6 15
6 11 5 4
7 11 9 4
12 5 12 13
8 15 7 9
11 14 14 8
14 4 14 11
11 5 9 5
10 13 9 14
5 12 13 10
12 12 5 6
5 6 14 15
12 5 11 8
8 4 13 8
7 4 8 13
10 11 15 14
14 5 11 5
8 15 7 13
14 15 13 4
6 9 7 13
9 4 7 12
13 9 7 12
10 13 5 11
10 15 8 6
12 12 4 4
8 8 5 15
9 4 8 11
13 10 8 8
4 13 10 7
8 15 12 5
10 5 13 10
15 5 12 11
12 4 8 4
14 4 14 6
9 7 14 5
12 9 15 11
11 9 7 11
4 8 5 6
11 11 13 12
5 5 11 4
8 11 11 7
4 14 6 5
15 8 15 12
13 10 14 10
4 7 12 6
9 6 12 7
5 4 4 15
5 15 9 5
5 8 10 11
8 5 13 4
9 11 11 6
11 13 8 9
14 6 4 10
4 11 7 8
4 14 13 14
5 8 11 10
4 11 15 11
13 11 11 15
5 12 15 9
10 11 5 8
9 4 11 14
11 6 13 13
12 14 6 5
7 14 15 11
15 4 12 7
15 7 12 14
10 12 5 12
15 14 9 15
9 8 10 6
4 7 10 10
6 5 14 8
14 7 11 12
4 15 4 15
10 13 13 5
8 6 15 7
8 4 8 10
11 15 11 10
13 10 10 4
4 6 14 15
14 13 10 10
14 12 7 15
10 10 4 5
11 13 15 15
7 4 11 14
9 7 12 10
8 4 13 9
8 5 12 10
11 14 12 11
9 7 9 7
15 8 7 8
7 15 7 10
6 10 12 10
8 13 15 15
4 7 15 11
5 10 13 10
5 5 9 13
9 9 10 8
10 13 9 8
9 11 14 5
15 10 5 13
13 6 6 15
13 13 5 13
7 9 14 9
12 6 9 7
6 8 11 4
9 11 14 8
11 14 4 9
13 12 5 5
11 9 4 12
7 12 5 14
10 10 10 5
5 6 4 13
4 10 14 5
14 12 6 12
11 10 14 13
8 12 8 9
6 5 5 9
14 6 5 9
14 13 8 5
14 7 7 11
8 14 9 14
4 7 13 12
15 12 6 5
12 7 6 13
6 4 13 9
7 6 4 7
15 7 10 9
5 15 12 13
12 4 10 7
15 12 12 12
13 13 13 13
13 7 7 5
15 13 4 6
12 8 14 13
10 6 15 9
9 4 13 7
10 12 7 8
15 15 5 9
8 7 4 5
8 14 15 10
9 13 11 12
7 5 7 7
9 12 4 13
6 4 9 6
13 10 15 9
8 4 10 5
12 12 14 9
15 11 14 14
13 6 8 5
11 7 15 10
10 12 15 5
4 6 12 12
5 7 14 10
11 12 14 10
10 7 11 13
12 9 5 11
9 9 5 10
8 11 10 5
4 6 5 6
7 6 6 15
10 13 4 8
10 13 12 10
8 12 15 6
13 11 6 12
7 11 9 8
10 10 12 11
11 6 11 14
7 4 15 6
8 10 6 14
7 5 6 11
11 7 6 6
4 6 15 5
6 11 4 5
9 11 6 10
15 12 8 7
13 12 7 9
15 13 14 11
4 7 15 12
8 9 4 11
12 11 15 14
9 12 10 15
13 5 11 9
8 13 7 4
15 14 15 12
12 10 14 13
15 15 12 13
10 8 13 4
14 14 10 7
14 8 15 5
15 14 14 12
10 11 10 4
15 7 9 15
13 9 9 7
7 5 11 11
5 14 6 9
4 8 4 12
5 10 15 7
5 9 13 12
14 8 12 10
12 14 7 6
4 10 14 9
4 9 6 12
13 9 6 10
11 4 13 13
4 15 10 9
13 15 7 15
10 10 14 7
6 14 12 10
4 13 15 7
7 11 7 5
14 15 8 11
12 9 10 15
12 13 9 15
10 6 13 11
4 7 6 12
13 9 12 13
9 14 15 6
10 7 4 11
12 11 6 5
13 9 13 8
6 13 7 10
15 15 9 6
11 10 9 13
5 10 11 9
7 6 11 12
14 10 8 9
11 9 15 10
8 11 12 6
4 12 7 8
14 11 8 10
10 15 8 11
10 13 9 13
14 4 5 7
12 15 7 10
12 13 7 8
12 12 14 4
4 9 11 11
7 9 11 14
15 11 13 5
5 15 6 13
14 7 10 9
11 9 5 8
13 15 6 14
13 14 15 10
9 11 14 10
12 13 4 6
10 4 10 10
4 10 7 13
12 13 15 12
6 14 10 15
4 4 9 7
11 10 7 12
7 8 12 5
14 7 9 10
13 15 10 12
5 7 14 9
14 9 7 7
11 9 6 5
8 10 6 13
14 5 10 10
14 11 14 12
14 11 9 6
5 13 5 10
15 11 5 9
14 7 10 14
6 14 10 15
5 11 7 11
15 6 8 5
14 9 10 7
7 9 12 7
15 9 7 5
14 5 11 6
15 4 15 13
5 10 12 14
7 10 15 10
4 8 13 15
4 4 14 14
8 13 10 7
14 11 9 7
14 13 12 10
5 14 9 9
13 11 14 8
14 7 6 12
11 9 6 6
14 13 12 5
15 4 8 4
13 10 5 5
11 7 4 7
12 14 9 4
7 7 15 7
15 14 12 7
7 4 14 13
10 9 6 5
11 12 4 13
6 5 13 4
13 11 15 12
4 9 12 4
5 12 7 6
8 15 13 5
7 10 4 12
11 15 11 9
4 11 4 14
8 5 7 14
5 5 5 13
10 10 15 15
13 4 14 9
11 6 9 4
13 13 10 15
9 10 15 8
7 12 6 11
8 7 9 5
13 9 11 14
8 9 4 7
6 6 8 8
11 12 4 11
9 6 7 6
12 12 6 12
6 11 12 4
4 12 6 4
11 8 11 15
12 6 13 11
12 6 10 7
11 15 11 14
9 6 7 13
12 5 4 8
7 8 5 9
13 6 10 11
10 4 11 12
8 5 5 7
15 4 6 10
5 5 4 9
6 11 15 12
9 11 10 8
4 7 5 15
12 7 5 10
10 7 10 6
14 14 4 7
15 4 6 6
13 5 13 8
9 15 5 8
15 11 10 13
7 4 4 4
15 14 8 10
11 4 12 15
9 5 10 12
4 11 8 9
5 7 9 11
12 9 15 11
15 5 14 5
11 4 11 10
8 15 9 5
9 7 5 5
13 15 11 12
11 7 6 5
14 7 12 15
13 9 11 15
8 10 13 6
4 9 8 15
10 14 6 13
8 8 13 7
6 11 7 5
10 6 7 9
13 13 6 10
11 11 15 11
13 5 11 10
14 13 8 9
9 11 5 8
9 15 12 13
5 8 7 10
7 11 11 9
8 5 11 10
6 4 10 7
12 10 12 15
5 7 12 11
5 14 12 4
6 13 7 7
12 8 9 6
13 14 7 9
5 11 8 6
10 6 4 7
4 12 8 4
6 7 15 14
11 12 14 8
13 8 4 9
5 6 15 15
4 7 9 13
11 8 11 14
15 7 13 11
13 10 7 9
11 9 13 12
13 4 11 12
13 14 13 11
10 14 12 8
4 6 14 10
14 15 14 14
6 13 5 12
12 9 10 6
10 5 14 14
9 5 11 12
6 6 5 5
5 9 12 6
5 11 11 10
10 7 4 6
5 6 5 4
11 10 11 7
10 15 6 13
13 13 11 13
8 11 4 4
13 5 7 7
25 25 25 25
35 31 26 32
718

0
