50 3
214 248 204 254 270 272 239 295 219 290 286 203 243 288 297 224 250 206 274 259 224 253 234 265 257 230 248 278 203 259 241 269 285 269 225 242 240 200 266 293 293 274 271 205 263 279 285 297 239 299
13 13 12
4 9 4
13 10 8
8 14 7
9 8 6
14 5 7
13 7 12
12 14 4
12 5 9
11 13 14
8 5 6
10 9 9
10 13 10
5 8 12
8 11 6
4 8 8
6 11 12
8 11 9
10 8 9
7 11 14
4 15 5
8 12 5
5 9 8
7 10 6
9 13 7
6 7 9
12 9 12
13 5 8
11 7 13
7 10 15
8 9 15
12 4 11
10 13 15
4 9 6
15 10 14
4 13 8
12 4 14
5 14 7
4 15 14
6 13 5
7 8 14
10 14 11
13 13 8
10 8 7
14 6 7
6 11 15
8 5 10
7 10 9
4 7 13
13 5 11
25 25 25
20 21 33
522

0
