25
2	19	24	23	5	12	22	9	8	3	21	25	13	14	18	7	6	20	17	16	1	4	10	15	11
7	21	18	8	16	13	2	11	4	23	20	17	1	22	10	15	19	24	12	5	14	25	9	3	6
11	4	25	20	1	15	19	17	24	10	12	9	16	3	6	18	8	14	22	21	23	13	2	5	7
14	9	3	6	17	5	21	7	25	20	8	24	15	23	4	2	10	1	13	11	22	16	18	19	12
13	15	22	12	10	18	1	6	14	16	5	19	2	11	7	25	9	4	3	23	21	20	8	17	24
16	2	5	25	20	6	8	14	10	17	11	15	24	7	1	12	22	18	19	9	13	21	3	4	23
17	14	7	18	4	22	3	21	9	19	13	20	6	10	5	24	1	2	23	25	11	8	16	12	15
3	24	23	15	22	11	20	1	18	7	2	12	8	21	16	4	13	6	14	10	25	17	5	9	19
19	13	9	21	8	25	4	12	16	2	17	23	22	18	14	5	3	11	20	15	24	7	1	6	10
1	11	6	10	12	23	13	24	5	15	19	3	9	4	25	8	16	17	21	7	20	2	22	18	14
20	17	19	4	3	16	15	23	22	11	18	8	7	24	21	10	25	5	2	12	9	14	6	13	1
10	22	15	7	23	9	5	18	21	14	1	2	25	13	17	16	20	8	11	6	12	19	4	24	3
5	6	11	14	25	2	17	8	1	24	3	10	4	12	9	19	21	23	15	13	16	22	20	7	18
18	12	16	2	21	19	10	3	7	13	15	6	14	20	11	22	24	9	4	1	5	23	17	25	8
24	8	1	13	9	4	25	20	6	12	16	22	19	5	23	3	14	7	18	17	15	10	11	2	21
6	23	8	22	19	1	18	25	15	4	10	11	20	16	13	9	2	3	7	14	17	12	24	21	5
12	7	20	16	11	17	6	2	23	21	25	5	3	8	19	13	18	15	1	24	4	9	14	10	22
21	10	13	3	24	20	9	16	12	5	14	4	18	2	15	6	17	22	8	19	7	11	23	1	25
9	25	2	1	18	10	14	13	11	22	23	7	17	6	24	21	12	16	5	4	19	3	15	8	20
4	5	14	17	15	24	7	19	3	8	9	21	12	1	22	11	23	10	25	20	6	18	13	16	2
8	18	17	11	7	21	24	22	20	9	6	14	5	19	2	1	4	12	16	3	10	15	25	23	13
22	16	21	9	2	7	11	10	17	25	24	18	23	15	12	14	5	13	6	8	3	1	19	20	4
25	3	10	5	13	14	23	4	2	18	7	1	21	9	20	17	15	19	24	22	8	6	12	11	16
15	20	4	19	6	3	12	5	13	1	22	16	10	25	8	23	11	21	9	18	2	24	7	14	17
23	1	12	24	14	8	16	15	19	6	4	13	11	17	3	20	7	25	10	2	18	5	21	22	9
